update,timesteps,episodes_completed,wins,losses,draws,win_rate,rolling_win_rate_50ep,rolling_win_rate_200ep,rollout_reward_mean,rollout_reward_std,rollout_return_mean,rollout_return_std,rollout_episodes,rollout_wins,rollout_losses,rollout_draws,rollout_win_rate,rollout_win_margin_mean,rollout_blue_score_mean,rollout_red_score_mean,explained_variance,reward_terminal_mean,reward_offense_mean,reward_pbrs_mean,reward_team_mean,reward_sparse_mean,reward_sparse_points_mean,reward_failure_mean,reward_total_mean,reward_outcome_mean,reward_shaping_mean,reward_failure_to_outcome_abs,policy_loss,value_loss,value_loss_min,value_loss_std,value_loss_p10,value_loss_p50,value_loss_p90,value_loss_max,return_norm_mean,return_norm_std,return_norm_count,entropy,approx_kl,clip_fraction,grad_norm,learning_rate,strategy_entropy,strategy_policy_loss,strategy_approx_kl,strategy_clip_fraction,strategy_ratio_std,strategy_q_loss,strategy_persist_loss,strategy_grad_norm,strategy_resample_count,strategy_resample_fraction,strategy_unique_count,strategy_dominant,strategy_switch_count,strategy_switch_fraction,strategy_resample_fraction_rollout,rollout_adv_std,rollout_adv_std_at_z_switch,rollout_adv_std_not_z_switch,curriculum_phase,curriculum_phase_idx,curriculum_phase_episodes,curriculum_phase_win_rate,strategy_kl,strategy_occupancy_0,strategy_occupancy_1,strategy_occupancy_2,strategy_occupancy_3,episode_z_0_count,episode_z_0_win_rate,episode_z_0_blue_score_mean,episode_z_0_red_score_mean,episode_z_0_win_margin_mean,episode_z_1_count,episode_z_1_win_rate,episode_z_1_blue_score_mean,episode_z_1_red_score_mean,episode_z_1_win_margin_mean,episode_z_2_count,episode_z_2_win_rate,episode_z_2_blue_score_mean,episode_z_2_red_score_mean,episode_z_2_win_margin_mean,episode_z_3_count,episode_z_3_win_rate,episode_z_3_blue_score_mean,episode_z_3_red_score_mean,episode_z_3_win_margin_mean,strategy_resample_adv_mean_z0,strategy_resample_adv_std_z0,strategy_resample_adv_n_z0,strategy_resample_adv_mean_z1,strategy_resample_adv_std_z1,strategy_resample_adv_n_z1,strategy_resample_adv_mean_z2,strategy_resample_adv_std_z2,strategy_resample_adv_n_z2,strategy_resample_adv_mean_z3,strategy_resample_adv_std_z3,strategy_resample_adv_n_z3
1,16384,876,434,312,130,0.4954337899543379,0.44,0.48,0.005951066501438618,0.28982728719711304,0.11589491367340088,0.6857473850250244,876,434,312,130,0.4954337899543379,0.17579908675799086,2.6164383561643834,2.4406392694063928,-0.002765178680419922,0.014892578125,0.01252441480755806,0.0013326823245733976,0.027408400550484657,0.012451171875,1.2451171875,-0.011440428905189037,0.005951066501438618,0.02734375,0.041265497682616115,0.4183775278687513,-0.03087189685466001,0.9737988706678152,0.8564558625221252,0.04757757857441902,0.9111871123313904,0.9728128910064697,1.0320088863372803,1.1373777389526367,0.11589491296603446,0.6857474076992617,16384.0001,2.991503243893385,0.010355650433848496,0.11666259765625,0.6195350266061723,0.000245904,1.3840929478406907,-0.005637508610873832,0.003657731933608943,0.0,0.07912562685778114,0.9895886729471386,0.0,0.5821471171919257,884.0,0.053955078125,4.0,2.0,0.0,0.0,0.053955078125,0.686694860458374,0.760890543460846,0.6833417415618896,,,,,0.0,0.2142333984375,0.2506103515625,0.2723388671875,0.2628173828125,190,0.5052631578947369,2.6526315789473682,2.4105263157894736,0.24210526315789474,220,0.38181818181818183,2.5318181818181817,2.590909090909091,-0.05909090909090909,237,0.5527426160337553,2.6455696202531644,2.3755274261603376,0.270042194092827,229,0.537117903930131,2.6375545851528384,2.388646288209607,0.24890829694323144,0.1456385850906372,0.7773681879043579,192.0,0.017778590321540833,0.7694012522697449,223.0,0.192963644862175,0.7487200498580933,240.0,0.11433887481689453,0.7767660617828369,229.0
2,32768,1761,884,631,246,0.5019875070982396,0.46,0.5,0.004960215650498867,0.2895004451274872,0.10976767539978027,0.6619402170181274,885,450,319,116,0.5084745762711864,0.17401129943502824,2.615819209039548,2.44180790960452,0.015629172325134277,0.01723022386431694,0.00977172888815403,0.001367654069326818,0.027674857527017593,0.00909423828125,0.909423828125,-0.011434935964643955,0.004960215650498867,0.02632446214556694,0.03881424048449844,0.4343679097223193,-0.04948588648829797,0.9242921275923951,0.8017314076423645,0.0447022020816803,0.8660076260566711,0.9260182976722717,0.9836294054985046,1.0432311296463013,0.11283129419225679,0.6739558995186901,32768.000100000005,2.9566083038696136,0.02052671554841741,0.2118548768939394,0.6964260991474595,0.000241808,1.3805897121477608,-0.004906956966016254,0.003517879722059748,0.0,0.07473050057269177,0.9502510154488111,0.0,0.6169381103280819,885.0,0.05396740845959596,4.0,2.0,0.0,0.0,0.05401611328125,0.656747043132782,0.7520796656608582,0.6522303819656372,,,,,0.0,0.26702880859375,0.22161865234375,0.2781982421875,0.233154296875,235,0.5617021276595745,2.6808510638297873,2.382978723404255,0.2978723404255319,196,0.46938775510204084,2.5306122448979593,2.479591836734694,0.05102040816326531,248,0.4717741935483871,2.5766129032258065,2.4919354838709675,0.0846774193548387,206,0.529126213592233,2.6699029126213594,2.412621359223301,0.25728155339805825,0.03539050742983818,0.7337879538536072,237.0,-0.0545189268887043,0.7196969985961914,193.0,-0.08303684741258621,0.7397874593734741,246.0,0.04178396984934807,0.7485034465789795,209.0
3,49152,2643,1340,925,378,0.5069996216420734,0.54,0.45,0.007053322624415159,0.2880750298500061,0.1394178569316864,0.6503734588623047,882,456,294,132,0.5170068027210885,0.21428571428571427,2.6541950113378685,2.439909297052154,0.021143198013305664,0.01907958835363388,0.01224975660443306,0.0013640692923218012,0.02781686931848526,0.0133056640625,1.33056640625,-0.011363524943590164,0.007053322624415159,0.03238525241613388,0.04143069521524012,0.3508749576079136,-0.0378656117790924,0.9178911914696565,0.8171980381011963,0.03978746756911278,0.8721576929092407,0.9191277027130127,0.9651474356651306,1.019013524055481,0.12169348175403649,0.6663057386861021,49152.000100000005,2.96647791604738,0.01859014551574784,0.18204532657657657,0.8009393599119272,0.000237712,1.3827631580937016,-0.0008276337355367899,0.0013280756273167532,0.0,0.0465991200650135,0.9733508425252931,0.0,0.6780842816507494,882.0,0.053526182432432436,4.0,3.0,0.0,0.0,0.0538330078125,0.643461287021637,0.7600446939468384,0.6381867527961731,,,,,0.0,0.267578125,0.22869873046875,0.22998046875,0.27374267578125,238,0.5546218487394958,2.642857142857143,2.3907563025210083,0.25210084033613445,199,0.49748743718592964,2.648241206030151,2.472361809045226,0.17587939698492464,202,0.504950495049505,2.6881188118811883,2.4504950495049505,0.2376237623762376,243,0.5061728395061729,2.6419753086419755,2.4526748971193415,0.18930041152263374,0.03247177600860596,0.6818735599517822,236.0,0.06952726095914841,0.7427024841308594,203.0,0.015876807272434235,0.7771021127700806,203.0,0.008102938532829285,0.7669573426246643,240.0
4,65536,3526,1785,1244,497,0.5062393647192286,0.46,0.49,0.004515775013715029,0.29049545526504517,0.10507075488567352,0.670611560344696,883,445,319,119,0.5039637599093998,0.17327293318233294,2.6138165345413364,2.4405436013590034,0.025731325149536133,0.01640014722943306,0.00994262658059597,0.001324586570262909,0.026934407651424408,0.0086669921875,0.86669921875,-0.011546630412340164,0.004515775013715029,0.02506713941693306,0.03820162080228329,0.46060978919483075,-0.033131536926843765,0.969057330765675,0.8896366357803345,0.047804128378629684,0.9109954833984375,0.963119387626648,1.04111909866333,1.0888797044754028,0.11753780004328682,0.6674236088767264,65536.0001,2.900250597098439,0.01856383942331658,0.17568057345360824,0.8259583871389172,0.000233616,1.3837980904530005,2.005144971401777e-05,0.0003445132221989733,0.0,0.02298336167035337,0.9626640096767661,0.0,0.6763670576601913,881.0,0.05374114046391753,4.0,3.0,0.0,0.0,0.05377197265625,0.6619274616241455,0.7421980500221252,0.65839684009552,,,,,0.0,0.24615478515625,0.25811767578125,0.23480224609375,0.26092529296875,217,0.5576036866359447,2.6912442396313363,2.3824884792626726,0.3087557603686636,229,0.462882096069869,2.567685589519651,2.497816593886463,0.06986899563318777,207,0.4975845410628019,2.6183574879227054,2.449275362318841,0.16908212560386474,230,0.5,2.582608695652174,2.4304347826086956,0.15217391304347827,0.004687269683927298,0.7560063600540161,217.0,-0.04137840494513512,0.7654163837432861,225.0,-0.007367458660155535,0.743474006652832,207.0,-0.054486509412527084,0.6903258562088013,232.0
5,81920,4413,2238,1567,608,0.5071380013596193,0.52,0.5,0.00555272726342082,0.29222819209098816,0.1184118390083313,0.6715827584266663,887,453,323,111,0.5107102593010147,0.18376550169109357,2.61217587373168,2.4284103720405863,0.03676283359527588,0.01759643480181694,0.01073608361184597,0.0013250894844532013,0.02704808861017227,0.009521484375,0.9521484375,-0.01142578013241291,0.00555272726342082,0.02711791917681694,0.03910926170647144,0.421321368226962,-0.04205178251702404,0.9548260757797643,0.8474538922309875,0.04789450764656067,0.8889870047569275,0.9483382105827332,1.0175732374191284,1.0699821710586548,0.11771260783608233,0.6682576008879345,81920.0001,2.942345016881039,0.02023669260374287,0.19274259868421054,0.8382894109215653,0.00022952,1.3841256331979184,-0.0002201596836373772,0.00026804599748362436,0.0,0.020865518341773137,0.996555992908645,0.0,0.6785720850814853,889.0,0.054276315789473686,4.0,2.0,0.0,0.0,0.05426025390625,0.6591225266456604,0.7696285247802734,0.6541327834129333,,,,,0.0,0.24969482421875,0.236572265625,0.2681884765625,0.24554443359375,223,0.5426008968609866,2.57847533632287,2.3856502242152464,0.19282511210762332,210,0.4857142857142857,2.6333333333333333,2.442857142857143,0.19047619047619047,238,0.5042016806722689,2.642857142857143,2.436974789915966,0.20588235294117646,216,0.5092592592592593,2.5925925925925926,2.449074074074074,0.14351851851851852,0.0019272426143288612,0.7841289639472961,222.0,-0.03160806745290756,0.7210095524787903,213.0,0.03180159255862236,0.7516868710517883,238.0,-0.0032160459086298943,0.7559117078781128,216.0
6,98304,5298,2695,1870,733,0.5086825217063042,0.62,0.53,0.004229869693517685,0.2895568013191223,0.11930142343044281,0.6694034337997437,885,457,303,125,0.5163841807909605,0.18192090395480226,2.6271186440677967,2.4451977401129943,0.041937172412872314,0.018890380859375,0.00877075269818306,0.0012041106820106506,0.02705341950058937,0.00689697265625,0.689697265625,-0.01151733286678791,0.004229869693517685,0.025787353515625,0.03702828288078308,0.44660985664748354,-0.04038346350813905,0.9425693653878712,0.8483246564865112,0.04454724118113518,0.8875006437301636,0.9455136656761169,0.9988788366317749,1.0461993217468262,0.11797741043487303,0.6684489676139963,98304.0001,2.8862563814435687,0.02289038556406186,0.2029203869047619,0.8922998834223974,0.00022542400000000003,1.3801260244278681,-0.0033022449186064355,0.0016399476183090926,0.0,0.04968232679101051,0.9528847509906405,0.0,0.7121536822546096,884.0,0.05412946428571429,4.0,0.0,0.0,0.0,0.053955078125,0.655216634273529,0.7403759956359863,0.6513975858688354,,,,,0.0,0.29400634765625,0.2152099609375,0.258056640625,0.23272705078125,260,0.5846153846153846,2.7,2.373076923076923,0.3269230769230769,190,0.4473684210526316,2.6052631578947367,2.531578947368421,0.07368421052631578,229,0.5021834061135371,2.589519650655022,2.4541484716157207,0.13537117903930132,206,0.5097087378640777,2.5970873786407767,2.4466019417475726,0.15048543689320387,0.07642865180969238,0.7152583599090576,261.0,-0.04105757549405098,0.7738781571388245,188.0,-0.10474156588315964,0.7367578744888306,229.0,0.016998188570141792,0.7067541480064392,206.0
7,114688,6187,3155,2177,855,0.5099401971876515,0.46,0.525,0.007639696821570396,0.2879900634288788,0.13550381362438202,0.6810024976730347,889,460,307,122,0.5174353205849269,0.20022497187851518,2.6321709786276717,2.4319460067491563,0.025799691677093506,0.01911010779440403,0.01215820387005806,0.0012078355066478252,0.027047643437981606,0.01458740234375,1.458740234375,-0.011504516005516052,0.007639696821570396,0.03369751013815403,0.04041368281468749,0.341395389836254,-0.03029566816985607,0.9869900628140098,0.8506535887718201,0.05306689068675041,0.9162044525146484,0.9904203414916992,1.0511887073516846,1.0971415042877197,0.12048118231690548,0.6702847791361657,114688.0001,2.903811548885546,0.018571885370061193,0.17030736019736842,0.9948082166282755,0.000221328,1.378832271224574,-0.005205672928457808,0.0020842275756125985,0.0,0.057009504322581596,1.0046323745658523,0.0,0.7698093570376697,890.0,0.05445620888157895,4.0,0.0,0.0,0.0,0.0543212890625,0.672160267829895,0.7575504183769226,0.6682265400886536,,,,,0.0,0.27410888671875,0.234619140625,0.21942138671875,0.2718505859375,243,0.4444444444444444,2.5473251028806585,2.522633744855967,0.024691358024691357,210,0.5571428571428572,2.6904761904761907,2.4,0.2904761904761905,196,0.5153061224489796,2.6020408163265305,2.4489795918367347,0.15306122448979592,240,0.5583333333333333,2.691666666666667,2.3541666666666665,0.3375,-0.02625984139740467,0.7325220704078674,243.0,0.16748224198818207,0.7852927446365356,210.0,-0.002518721856176853,0.7812421321868896,196.0,0.12329697608947754,0.7339512705802917,241.0
8,131072,7068,3619,2475,974,0.5120260328239955,0.56,0.52,0.006810448598116636,0.2897389829158783,0.14858698844909668,0.6678380966186523,881,464,298,119,0.5266742338251986,0.22360953461975028,2.6458569807037455,2.4222474460839956,0.028849661350250244,0.02064209058880806,0.01116943359375,0.0012280719820410013,0.026982076466083527,0.01239013671875,1.239013671875,-0.011515501886606216,0.006810448598116636,0.03303222730755806,0.03937958204187453,0.3486035978074552,-0.03391533933077635,0.951105498865749,0.8624587059020996,0.045066140592098236,0.8938765525817871,0.9520237445831299,1.0010284185409546,1.1018911600112915,0.123994408080749,0.6700439061233002,131072.0001,2.871446044257518,0.021771560496326243,0.18997981039325842,0.9992614870660761,0.000217232,1.3809948222021038,-0.0006994933814453171,0.0006919467375546242,0.0,0.030972731710017024,0.9690279220597128,0.0,0.7819655768656999,881.0,0.05348051264044944,4.0,3.0,0.0,0.0,0.05377197265625,0.6581341028213501,0.727327823638916,0.6550306677818298,,,,,0.0,0.23797607421875,0.2513427734375,0.22479248046875,0.285888671875,211,0.5355450236966824,2.6445497630331753,2.3933649289099526,0.25118483412322273,221,0.5475113122171946,2.683257918552036,2.411764705882353,0.27149321266968324,198,0.5151515151515151,2.6616161616161618,2.4343434343434343,0.22727272727272727,251,0.5099601593625498,2.601593625498008,2.446215139442231,0.1553784860557769,0.029556239023804665,0.7541449666023254,211.0,0.06018481403589249,0.7410178184509277,222.0,0.0347316600382328,0.7204554080963135,197.0,-0.03601464256644249,0.7536481618881226,251.0
9,147456,7952,4072,2775,1105,0.5120724346076458,0.6,0.56,0.006228580139577389,0.2913074195384979,0.13957634568214417,0.673513650894165,884,453,300,131,0.5124434389140271,0.21040723981900453,2.6436651583710407,2.433257918552036,0.03633660078048706,0.01823730394244194,0.01135864295065403,0.0011283298954367638,0.026846345514059067,0.0115966796875,1.15966796875,-0.011484373360872269,0.006228580139577389,0.02983398362994194,0.03933331836014986,0.38492976913675003,-0.03370477821742899,0.9585494038670562,0.8563627004623413,0.04752076789736748,0.8955008387565613,0.9612300992012024,1.020031213760376,1.0752394199371338,0.1257257344797299,0.6704482066867989,147456.0001,2.85274524466936,0.021812544395161663,0.18506994912790697,1.0336770498475363,0.000213136,1.3830859979917838,-0.00022172322530105356,0.00032893826792569284,0.0,0.022433162482988652,0.9736180658950362,0.0,0.8070005116074584,884.0,0.05393804505813953,4.0,0.0,0.0,0.0,0.053955078125,0.661163866519928,0.7646936178207397,0.6567361950874329,,,,,0.0,0.28082275390625,0.250732421875,0.20953369140625,0.2589111328125,248,0.5564516129032258,2.6653225806451615,2.3870967741935485,0.2782258064516129,222,0.481981981981982,2.6171171171171173,2.4864864864864864,0.13063063063063063,183,0.4972677595628415,2.6666666666666665,2.442622950819672,0.22404371584699453,231,0.5064935064935064,2.6277056277056277,2.4242424242424243,0.20346320346320346,0.05234108120203018,0.7576718330383301,248.0,-0.0009065209305845201,0.7305305004119873,223.0,-0.008082014508545399,0.7222422957420349,184.0,-0.01718498207628727,0.7796076536178589,229.0
10,163840,8835,4522,3076,1237,0.5118279569892473,0.58,0.475,0.005643468350172043,0.28813686966896057,0.12957243621349335,0.6640204191207886,883,450,301,132,0.5096262740656852,0.19479048697621745,2.639864099660249,2.445073612684032,0.036393165588378906,0.01770629733800888,0.010772705078125,0.001234827795997262,0.026889238506555557,0.01116943359375,1.116943359375,-0.01141662523150444,0.005643468350172043,0.02887573093175888,0.03889677138067782,0.39535726043519476,-0.0254143045378336,0.9299094530119412,0.8354530334472656,0.04538918286561966,0.8624209761619568,0.9332536458969116,0.9844949245452881,1.0155158042907715,0.12611040465287146,0.6698091961748052,163840.0001,2.8533359299535337,0.019164374962017155,0.16590240036231885,1.0362058532410774,0.00020904000000000002,1.3821651002635127,-0.00370288582959894,0.0010691649495520553,0.0,0.038824497779734596,0.9578339837599492,0.0,0.7599630554517111,883.0,0.054036458333333336,4.0,3.0,0.0,0.0,0.05389404296875,0.651825487613678,0.752716600894928,0.6472222805023193,,,,,0.0,0.23504638671875,0.25396728515625,0.251708984375,0.25927734375,206,0.5048543689320388,2.6359223300970873,2.4514563106796117,0.18446601941747573,227,0.5814977973568282,2.696035242290749,2.352422907488987,0.3436123348017621,222,0.4864864864864865,2.6216216216216215,2.4594594594594597,0.16216216216216217,228,0.4649122807017544,2.6052631578947367,2.517543859649123,0.08771929824561403,-0.06149759143590927,0.7026020884513855,207.0,0.13545088469982147,0.7475950121879578,226.0,-0.0014205516781657934,0.7565755844116211,222.0,-0.058733269572257996,0.7489449381828308,228.0
11,180224,9719,4984,3384,1351,0.5128099598724148,0.64,0.55,0.007132338359951973,0.29016101360321045,0.1348189413547516,0.6591484546661377,884,462,308,114,0.5226244343891403,0.20588235294117646,2.6278280542986425,2.421945701357466,0.0441473126411438,0.01984863355755806,0.011596678756177425,0.001216931501403451,0.027366619557142258,0.01312255859375,1.312255859375,-0.01147155649960041,0.007132338359951973,0.03297119215130806,0.040180229814723134,0.34791609993530004,-0.037580044325633145,0.9163927435874939,0.8430085778236389,0.04139840230345726,0.8638838529586792,0.9119930863380432,0.9669691920280457,1.036945104598999,0.12690208980714857,0.6688517440432407,180224.0001,2.8254306021424913,0.022486848447030198,0.19708440721649484,1.0022396918424625,0.000204944,1.3805016783094897,-0.0017109235059907997,0.0009077751662830779,0.0,0.03586483088641815,0.8855670561495516,0.0,0.7395877094612908,884.0,0.054043170103092786,4.0,1.0,0.0,0.0,0.053955078125,0.64443439245224,0.7266210913658142,0.6408074498176575,,,,,0.0,0.248779296875,0.28533935546875,0.22406005859375,0.2418212890625,222,0.536036036036036,2.675675675675676,2.400900900900901,0.2747747747747748,251,0.549800796812749,2.645418326693227,2.398406374501992,0.24701195219123506,198,0.4444444444444444,2.5202020202020203,2.505050505050505,0.015151515151515152,213,0.5492957746478874,2.6572769953051645,2.3943661971830985,0.26291079812206575,0.04546834155917168,0.7022175192832947,220.0,-0.00455080671235919,0.7308124899864197,251.0,-0.03427679464221001,0.70919269323349,198.0,0.06609808653593063,0.6768465042114258,215.0
12,196608,10604,5447,3683,1474,0.5136740852508488,0.66,0.525,0.006161561235785484,0.2898598313331604,0.14283910393714905,0.6698859333992004,885,463,299,123,0.5231638418079096,0.23728813559322035,2.6485875706214688,2.4112994350282486,0.0407865047454834,0.02013549953699112,0.01039428636431694,0.0013863240601494908,0.026157446205615997,0.0106201171875,1.06201171875,-0.011480712331831455,0.006161561235785484,0.03075561672449112,0.03793805663008243,0.373276177762735,-0.03321541847502131,0.9500906409286871,0.8526160717010498,0.040589503943920135,0.8996764421463013,0.9501926898956299,0.9987273216247559,1.0466372966766357,0.12823017431730643,0.6689524871999318,196608.0001,2.800299016440787,0.02112636988039878,0.17990186737804878,1.0795449825321757,0.000200848,1.3799679104874774,-0.0015870523010679694,0.0006643499643800856,0.0,0.030741451724660165,0.955441069312212,0.0,0.8048536828378352,885.0,0.05435403963414634,4.0,3.0,0.0,0.0,0.05401611328125,0.6560825705528259,0.7450791001319885,0.6520087718963623,,,,,0.0,0.23162841796875,0.2579345703125,0.2396240234375,0.27081298828125,204,0.4950980392156863,2.6127450980392157,2.446078431372549,0.16666666666666666,228,0.5657894736842105,2.6666666666666665,2.3771929824561404,0.2894736842105263,213,0.47417840375586856,2.6338028169014085,2.4460093896713615,0.18779342723004694,240,0.55,2.675,2.3833333333333333,0.2916666666666667,-0.07708350569009781,0.7756165266036987,206.0,-0.0026664002798497677,0.7007344961166382,228.0,0.01992206647992134,0.7232315540313721,212.0,0.06540697067975998,0.7618681788444519,239.0
13,212992,11484,5912,4006,1566,0.5148032044583769,0.64,0.585,0.008265873417258263,0.289669394493103,0.14875277876853943,0.6862287521362305,880,465,323,92,0.5284090909090909,0.18636363636363637,2.6,2.4136363636363636,0.03907763957977295,0.02045288123190403,0.012231445871293545,0.001172635704278946,0.026282653212547302,0.01513671875,1.513671875,-0.011500854045152664,0.008265873417258263,0.03558959998190403,0.03968673478811979,0.32314302234298525,-0.03130358990165405,0.9890582546591759,0.8880287408828735,0.0526183545589447,0.9163750410079956,0.9925325512886047,1.0626577138900757,1.113433599472046,0.12980883619742933,0.6703195485917781,212992.0001,2.773213803768158,0.01954566100757802,0.1748046875,1.1336126275360585,0.00019675200000000002,1.3785886898636819,-0.003267863093224177,0.0009558502999681195,0.0,0.035573069728804585,0.9928907386958599,0.0,0.8527673274278641,880.0,0.053857421875,4.0,3.0,0.0,0.0,0.0537109375,0.6726870536804199,0.7530598044395447,0.66902756690979,,,,,0.0,0.22930908203125,0.25726318359375,0.23291015625,0.280517578125,205,0.5902439024390244,2.6341463414634148,2.346341463414634,0.28780487804878047,226,0.5088495575221239,2.575221238938053,2.4292035398230087,0.14601769911504425,204,0.46568627450980393,2.549019607843137,2.485294117647059,0.06372549019607843,245,0.5469387755102041,2.636734693877551,2.3959183673469386,0.24081632653061225,0.1286916881799698,0.7778581380844116,202.0,-0.05279257148504257,0.7632572650909424,226.0,-0.03562426567077637,0.7531703114509583,204.0,0.09365139156579971,0.7084177732467651,248.0
14,229376,12368,6373,4307,1688,0.5152813712807245,0.6,0.565,0.006080480292439461,0.2882786691188812,0.13789531588554382,0.6624009609222412,884,461,301,122,0.5214932126696833,0.2171945701357466,2.6380090497737556,2.420814479638009,0.040211379528045654,0.01978149451315403,0.01013793982565403,0.0012101613683626056,0.02635912410914898,0.01068115234375,1.068115234375,-0.011497192084789276,0.006080480292439461,0.03046264685690403,0.037707225303165615,0.377406951268661,-0.02420121441933919,0.9322440669392095,0.8571303486824036,0.038511723279953,0.8831051588058472,0.9303841590881348,0.9835983514785767,0.998031735420227,0.1303864418891857,0.6697602794411044,229376.0001,2.7719183654496162,0.01745839949669034,0.1563387784090909,1.1511119116436352,0.000192656,1.3792255882060889,-0.0018250306466556635,0.0005784242223579771,0.0,0.02886184593258071,0.9465228833935477,0.0,0.8004810602375956,884.0,0.05391808712121212,4.0,0.0,0.0,0.0,0.053955078125,0.6489462852478027,0.7260069251060486,0.6455617547035217,,,,,0.0,0.2711181640625,0.2470703125,0.2237548828125,0.258056640625,238,0.5546218487394958,2.680672268907563,2.3781512605042017,0.3025210084033613,219,0.5388127853881278,2.6027397260273974,2.4200913242009134,0.182648401826484,196,0.5051020408163265,2.63265306122449,2.4489795918367347,0.1836734693877551,231,0.48484848484848486,2.632034632034632,2.4415584415584415,0.19047619047619047,-0.008879411034286022,0.6840855479240417,242.0,0.05493224784731865,0.7246730327606201,217.0,0.051815811544656754,0.7396924495697021,198.0,-0.0990382730960846,0.7503641843795776,227.0
15,245760,13249,6852,4573,1824,0.5171711072533776,0.54,0.55,0.009837290272116661,0.28741541504859924,0.18195736408233643,0.6578495502471924,881,479,266,136,0.5437003405221339,0.282633371169126,2.678774120317821,2.3961407491486946,0.04729217290878296,0.02415771409869194,0.01380615308880806,0.0012308463919907808,0.02673451043665409,0.01776123046875,1.776123046875,-0.011652830988168716,0.009837290272116661,0.04191894456744194,0.04177150991745293,0.2779782060403569,-0.03714000662913565,0.9118645658198091,0.8137099742889404,0.04286231845617294,0.8547197580337524,0.9108293056488037,0.9681074619293213,1.034557819366455,0.13382450336733012,0.6690965014184757,245760.0001,2.7623905299865092,0.02237617381795588,0.19364126932989692,1.0972818099346358,0.00018856,1.3822633925172472,-0.00043058010826587447,0.00022464011409663296,0.0,0.01883776692776948,0.8972563132182839,0.0,0.8076103249775994,881.0,0.05392235824742268,4.0,0.0,0.0,0.0,0.05377197265625,0.6421055793762207,0.722535252571106,0.6384822726249695,,,,,0.0,0.26483154296875,0.25311279296875,0.22412109375,0.2579345703125,232,0.5603448275862069,2.7456896551724137,2.3706896551724137,0.375,224,0.5223214285714286,2.6607142857142856,2.4330357142857144,0.22767857142857142,198,0.5202020202020202,2.6515151515151514,2.404040404040404,0.2474747474747475,227,0.5682819383259912,2.6519823788546257,2.3788546255506606,0.27312775330396477,0.09990522265434265,0.69051194190979,230.0,0.03661661967635155,0.7174394726753235,227.0,0.0350133553147316,0.7493414282798767,196.0,0.09612641483545303,0.7008733153343201,228.0
16,262144,14134,7317,4881,1936,0.5176878449129758,0.68,0.57,0.0064766304567456245,0.28914928436279297,0.14696860313415527,0.6779196858406067,885,465,308,112,0.5254237288135594,0.21581920903954802,2.623728813559322,2.407909604519774,0.05061572790145874,0.02036132849752903,0.01025390625,0.00126369739882648,0.02657054178416729,0.01171875,1.171875,-0.01148254331201315,0.0064766304567456245,0.03208007849752903,0.03808814543299377,0.3579226088953825,-0.02613384822753313,0.9665035982342327,0.8506991863250732,0.04687073454260826,0.8991018533706665,0.9718146324157715,1.0212244987487793,1.0504833459854126,0.1346460096024433,0.6696589140834535,262144.0001,2.7530037445180557,0.018703397472991663,0.1660443474264706,1.1756342281313503,0.00018446400000000001,1.3804075069287245,-0.0009701165634075604,0.00025514980943341925,0.0,0.019268683362346654,0.9882088882081649,0.0,0.8527015508974299,884.0,0.05411305147058824,4.0,3.0,0.0,0.0,0.053955078125,0.6605402231216431,0.7452374696731567,0.6568394303321838,,,,,0.0,0.25250244140625,0.25048828125,0.2177734375,0.27923583984375,223,0.5829596412556054,2.708520179372197,2.3452914798206277,0.3632286995515695,224,0.5133928571428571,2.59375,2.4017857142857144,0.19196428571428573,192,0.4791666666666667,2.59375,2.4739583333333335,0.11979166666666667,246,0.5203252032520326,2.597560975609756,2.4186991869918697,0.17886178861788618,0.0494660809636116,0.749276340007782,223.0,-0.011407876387238503,0.7358225584030151,222.0,-0.024187520146369934,0.744892418384552,192.0,-0.04545605555176735,0.7435135245323181,247.0
17,278528,15017,7782,5180,2055,0.5182126922820803,0.48,0.53,0.007783182896673679,0.2905430793762207,0.1538899689912796,0.6726934313774109,883,465,299,119,0.5266138165345413,0.23103057757644394,2.6432616081540203,2.4122310305775763,0.046550631523132324,0.02067260816693306,0.01241455040872097,0.0011202226160094142,0.026812663301825523,0.01422119140625,1.422119140625,-0.011566771194338799,0.007783182896673679,0.03489379957318306,0.04034743632655591,0.33147550167412215,-0.03297515546104738,0.9489626217456091,0.8284049034118652,0.04467986151576042,0.8834992051124573,0.9529992341995239,0.9997608661651611,1.0426928997039795,0.1357780072131449,0.6698531002969923,278528.0001,2.7367508496556963,0.01993332813366405,0.17440941220238096,1.1891532213914962,0.000180368,1.3812453931286222,-0.0005361670438495432,0.00032480436334920916,0.0,0.021965535566208737,0.9414757401460693,0.0,0.8875413661201795,884.0,0.053943452380952384,4.0,3.0,0.0,0.0,0.053955078125,0.6568496823310852,0.730818510055542,0.6535198092460632,,,,,0.0,0.25201416015625,0.247314453125,0.2479248046875,0.25274658203125,221,0.5294117647058824,2.6334841628959276,2.3936651583710407,0.2398190045248869,218,0.5688073394495413,2.6605504587155964,2.389908256880734,0.2706422018348624,219,0.5114155251141552,2.6392694063926943,2.4337899543378994,0.2054794520547945,225,0.49777777777777776,2.64,2.431111111111111,0.2088888888888889,-0.011319981887936592,0.7669329643249512,223.0,0.08335910737514496,0.686708390712738,217.0,0.022265011444687843,0.7542763352394104,221.0,-0.009066380560398102,0.7093184590339661,223.0
