update,timesteps,episodes_completed,wins,losses,draws,win_rate,rolling_win_rate_50ep,rolling_win_rate_200ep,rollout_reward_mean,rollout_reward_std,rollout_return_mean,rollout_return_std,rollout_episodes,rollout_wins,rollout_losses,rollout_draws,rollout_win_rate,rollout_win_margin_mean,rollout_blue_score_mean,rollout_red_score_mean,explained_variance,reward_terminal_mean,reward_offense_mean,reward_pbrs_mean,reward_team_mean,reward_sparse_mean,reward_sparse_points_mean,reward_failure_mean,reward_total_mean,policy_loss,value_loss,value_loss_min,value_loss_std,value_loss_p10,value_loss_p50,value_loss_p90,value_loss_max,return_norm_mean,return_norm_std,return_norm_count,entropy,approx_kl,clip_fraction,grad_norm,learning_rate,strategy_entropy,strategy_policy_loss,strategy_approx_kl,strategy_clip_fraction,strategy_ratio_std,strategy_q_loss,strategy_persist_loss,strategy_grad_norm,strategy_resample_count,strategy_resample_fraction,strategy_unique_count,strategy_dominant,strategy_switch_count,strategy_switch_fraction,strategy_resample_fraction_rollout,rollout_adv_std,rollout_adv_std_at_z_switch,rollout_adv_std_not_z_switch,curriculum_phase,curriculum_phase_idx,curriculum_phase_episodes,curriculum_phase_win_rate,strategy_kl,strategy_occupancy_0,strategy_occupancy_1,strategy_occupancy_2,strategy_occupancy_3,episode_z_0_count,episode_z_0_win_rate,episode_z_0_blue_score_mean,episode_z_0_red_score_mean,episode_z_0_win_margin_mean,episode_z_1_count,episode_z_1_win_rate,episode_z_1_blue_score_mean,episode_z_1_red_score_mean,episode_z_1_win_margin_mean,episode_z_2_count,episode_z_2_win_rate,episode_z_2_blue_score_mean,episode_z_2_red_score_mean,episode_z_2_win_margin_mean,episode_z_3_count,episode_z_3_win_rate,episode_z_3_blue_score_mean,episode_z_3_red_score_mean,episode_z_3_win_margin_mean,strategy_resample_adv_mean_z0,strategy_resample_adv_std_z0,strategy_resample_adv_n_z0,strategy_resample_adv_mean_z1,strategy_resample_adv_std_z1,strategy_resample_adv_n_z1,strategy_resample_adv_mean_z2,strategy_resample_adv_std_z2,strategy_resample_adv_n_z2,strategy_resample_adv_mean_z3,strategy_resample_adv_std_z3,strategy_resample_adv_n_z3
1,16384,876,434,312,130,0.4954337899543379,0.44,0.48,-0.01062503457069397,0.2887892425060272,-0.029998894780874252,0.6688266396522522,876,434,312,130,0.4954337899543379,0.17579908675799086,2.6164383561643834,2.4406392694063928,-0.002894282341003418,0.0244140625,0.01252441480755806,0.0013326823245733976,0.027408400550484657,0.012451171875,1.2451171875,-0.07626953721046448,-0.01062503457069397,-0.03178132823086344,0.9714953690767288,0.8552373647689819,0.05024248734116554,0.9066639542579651,0.9703261256217957,1.0338877439498901,1.1591925621032715,-0.02999889459777553,0.6688266200748664,16384.0001,2.9912522576749323,0.010719282860372914,0.12130126953125,0.6235131219960749,0.000247952,1.3841827128082513,-0.005509176301708568,0.003669867365735513,0.0,0.07975124872718455,0.9895030928775668,0.0,0.5850565329194068,884.0,0.053955078125,4.0,2.0,0.0,0.0,0.053955078125,0.6697937846183777,0.7426488399505615,0.6656697988510132,,,,,0.0,0.2142333984375,0.2506103515625,0.2723388671875,0.2628173828125,190,0.5052631578947369,2.6526315789473682,2.4105263157894736,0.24210526315789474,220,0.38181818181818183,2.5318181818181817,2.590909090909091,-0.05909090909090909,237,0.5527426160337553,2.6455696202531644,2.3755274261603376,0.270042194092827,229,0.537117903930131,2.6375545851528384,2.388646288209607,0.24890829694323144,-0.11905714124441147,0.7640305757522583,192.0,-0.2453594207763672,0.7473224401473999,223.0,-0.08332750201225281,0.7279255986213684,240.0,-0.1634591817855835,0.7564616203308105,229.0
2,32768,1766,891,625,250,0.5045300113250283,0.44,0.515,-0.010298914276063442,0.28828197717666626,-0.02586214989423752,0.6475479006767273,890,457,313,120,0.5134831460674157,0.1898876404494382,2.6325842696629214,2.4426966292134833,0.021209239959716797,0.02789306640625,0.01099243201315403,0.001147241797298193,0.02792278304696083,0.01165771484375,1.165771484375,-0.07597655802965164,-0.010298914276063442,-0.04672866297316634,0.9222424490584268,0.8196369409561157,0.045887358486652374,0.8650200366973877,0.9213119745254517,0.9825916290283203,1.0411735773086548,-0.027930522252318696,0.6582765082021487,32768.000100000005,2.9816610230339897,0.020049577247118578,0.20628255208333332,0.6750186565849516,0.000245904,1.3825360318024953,-0.0015503977625081057,0.0008456937412448598,0.0,0.03753330204019013,0.9390354530678855,0.0,0.580327298409409,890.0,0.05447048611111111,4.0,2.0,0.0,0.0,0.0543212890625,0.6406441330909729,0.7002091407775879,0.6376209855079651,,,,,0.0,0.2623291015625,0.212646484375,0.2799072265625,0.2451171875,233,0.5407725321888412,2.6609442060085837,2.3862660944206007,0.27467811158798283,191,0.5078534031413613,2.612565445026178,2.450261780104712,0.16230366492146597,249,0.4779116465863454,2.602409638554217,2.497991967871486,0.10441767068273092,217,0.5299539170506913,2.654377880184332,2.4331797235023043,0.22119815668202766,-0.029846221208572388,0.6497095227241516,233.0,-0.15703457593917847,0.7070882320404053,189.0,-0.10931089520454407,0.7068235874176025,248.0,-0.12226476520299911,0.7737237215042114,220.0
3,49152,2645,1312,949,384,0.49603024574669186,0.52,0.465,-0.011517450213432312,0.2861101031303406,-0.05820358544588089,0.6412110924720764,879,421,324,134,0.4789533560864619,0.11831626848691695,2.6040955631399316,2.485779294653015,0.03566336631774902,0.02180175855755806,0.011077880859375,0.001216055010445416,0.027211777865886688,0.0123291015625,1.23291015625,-0.07622070610523224,-0.011517450213432312,-0.04491088008341779,0.9065208073173251,0.7840420007705688,0.04259791970252991,0.8506563305854797,0.9089081883430481,0.9621528387069702,1.0239288806915283,-0.03802154329630919,0.6527936229137609,49152.000100000005,2.9577923229762484,0.020596938321666258,0.2021484375,0.7899856788771493,0.000243856,1.3758204936981202,-0.009695633898763462,0.003399956315435101,0.0,0.07487077176261236,0.9598773758326258,0.0,0.6774919539690017,877.0,0.05385044642857143,4.0,0.0,0.0,0.0,0.05352783203125,0.629673421382904,0.7178440093994141,0.625633716583252,,,,,0.0,0.278564453125,0.223388671875,0.2442626953125,0.2537841796875,244,0.5532786885245902,2.6475409836065573,2.4057377049180326,0.24180327868852458,198,0.40404040404040403,2.5202020202020203,2.5454545454545454,-0.025252525252525252,215,0.5023255813953489,2.6,2.469767441860465,0.13023255813953488,222,0.44144144144144143,2.635135135135135,2.536036036036036,0.0990990990990991,0.05838775634765625,0.7321902513504028,244.0,-0.14684651792049408,0.6980162262916565,197.0,-0.08502109348773956,0.7067285776138306,213.0,-0.1487351953983307,0.728347659111023,223.0
4,65536,3529,1804,1222,503,0.5111929725134599,0.5,0.575,-0.00813401211053133,0.29110273718833923,0.018178801983594894,0.6441639065742493,884,492,273,119,0.5565610859728507,0.27601809954751133,2.665158371040724,2.3891402714932126,0.04456406831741333,0.03468017652630806,0.01192016713321209,0.001185618108138442,0.02716733142733574,0.01324462890625,1.324462890625,-0.076171875,-0.00813401211053133,-0.03832829175038246,0.920301813945592,0.8164759278297424,0.04124915227293968,0.866168737411499,0.9231339693069458,0.965667724609375,1.0513004064559937,-0.023971456997771902,0.6511018648434034,65536.0001,2.928050431135659,0.020918776562968356,0.19281176985981308,0.8623896494647053,0.000241808,1.3813890196452632,-0.008049912350943753,0.009235964962926687,0.13156721270947813,0.11284802230138014,0.9777177803427259,0.0,0.7093241713314413,886.0,0.05434068341121495,4.0,0.0,0.0,0.0,0.0540771484375,0.6296470761299133,0.7229518294334412,0.6252015233039856,,,,,0.0,0.298583984375,0.23138427734375,0.2364501953125,0.23358154296875,265,0.5584905660377358,2.641509433962264,2.392452830188679,0.2490566037735849,201,0.582089552238806,2.6865671641791047,2.383084577114428,0.3034825870646766,211,0.5450236966824644,2.6729857819905214,2.3981042654028437,0.27488151658767773,207,0.5410628019323671,2.6666666666666665,2.3816425120772946,0.28502415458937197,-0.07773798704147339,0.697960615158081,265.0,0.08864875137805939,0.6667655110359192,205.0,-0.01096187625080347,0.7327211499214172,211.0,0.030955567955970764,0.7503088712692261,205.0
5,81920,4412,2257,1519,636,0.5115593834995467,0.46,0.48,-0.010901126079261303,0.2884707450866699,-0.01967521756887436,0.644346296787262,883,453,297,133,0.5130237825594564,0.21404303510758776,2.6455266138165348,2.4314835787089466,0.05545550584793091,0.02742920070886612,0.01055297814309597,0.0013815721031278372,0.02683134749531746,0.0108642578125,1.08642578125,-0.07652588188648224,-0.010901126079261303,-0.03962120135253835,0.9078742794901411,0.7855203747749329,0.045372843742370605,0.8379796743392944,0.9068570137023926,0.9644848704338074,0.9993084073066711,-0.02311220911304128,0.6497586418369927,81920.0001,2.89507101629382,0.022993957002594996,0.19784973714953272,0.8655486928525372,0.00023976,1.384691877899883,-0.001354601131595943,0.0005903915746776561,0.0,0.03216417233402999,0.9445423762374949,0.0,0.6946844312353669,881.0,0.05401212032710281,4.0,2.0,0.0,0.0,0.05377197265625,0.6262251734733582,0.6877637505531311,0.6234763860702515,,,,,0.0,0.23468017578125,0.25775146484375,0.26287841796875,0.24468994140625,204,0.46568627450980393,2.6029411764705883,2.5,0.10294117647058823,229,0.537117903930131,2.663755458515284,2.3973799126637556,0.2663755458515284,231,0.5497835497835498,2.683982683982684,2.393939393939394,0.29004329004329005,219,0.4931506849315068,2.625570776255708,2.442922374429224,0.182648401826484,-0.0594002902507782,0.6986080408096313,204.0,0.04983343183994293,0.7160996198654175,228.0,-0.04502846300601959,0.6712275147438049,231.0,-0.07014832645654678,0.7411379218101501,218.0
6,98304,5296,2733,1803,760,0.5160498489425982,0.64,0.51,-0.009719901718199253,0.2874603569507599,-0.007386768702417612,0.6590401530265808,884,476,284,124,0.5384615384615384,0.24547511312217193,2.6561085972850678,2.410633484162896,0.054108619689941406,0.03168945387005806,0.01116943359375,0.001199360005557537,0.02661089599132538,0.010986328125,1.0986328125,-0.07636718451976776,-0.009719901718199253,-0.03569298682100687,0.9515563390918613,0.8566205501556396,0.04317999631166458,0.9022755026817322,0.9524075984954834,1.0046379566192627,1.064271092414856,-0.020491302380603458,0.6513411111236808,98304.0001,2.8726235959947726,0.021217830651967796,0.18451997422680413,0.944733624298548,0.000237712,1.384193840715074,0.0005434597011522798,0.0005135771716421288,0.0,0.02644714106991454,0.9949797508642846,0.0,0.7699917846733761,886.0,0.05438547036082474,4.0,1.0,0.0,0.0,0.0540771484375,0.6409623026847839,0.7310096025466919,0.6366633176803589,,,,,0.0,0.24658203125,0.26666259765625,0.25030517578125,0.2364501953125,217,0.5529953917050692,2.640552995391705,2.3963133640552994,0.24423963133640553,237,0.4936708860759494,2.6244725738396624,2.4472573839662446,0.17721518987341772,220,0.5227272727272727,2.668181818181818,2.422727272727273,0.24545454545454545,210,0.5904761904761905,2.6952380952380954,2.3714285714285714,0.3238095238095238,-0.004300215747207403,0.7082343101501465,218.0,0.010368366725742817,0.77371746301651,235.0,0.0026011832524091005,0.7156119346618652,223.0,0.014993595890700817,0.7205671072006226,210.0
7,114688,6177,3184,2116,877,0.5154605795693702,0.48,0.535,-0.009474435821175575,0.29042550921440125,-0.022621721029281616,0.6623616814613342,881,451,313,117,0.5119182746878547,0.19182746878547105,2.6208853575482407,2.4290578887627694,0.05122572183609009,0.02738036960363388,0.01273193396627903,0.0012281129602342844,0.026906590908765793,0.01324462890625,1.324462890625,-0.07673339545726776,-0.009474435821175575,-0.026073856666211932,0.965140484588247,0.8497936129570007,0.04746439307928085,0.9028764963150024,0.9685712456703186,1.0169708728790283,1.0936927795410156,-0.020795647901577827,0.6529272893918484,114688.0001,2.872541535068566,0.017024411245996893,0.15501210387323944,0.9667669274437596,0.000235664,1.3850127408202266,-0.0029191714693773763,0.0009670504340387915,0.0,0.03925293580726624,1.0087992271906894,0.0,0.7759164084850902,881.0,0.053587147887323945,4.0,2.0,0.0,0.0,0.05377197265625,0.6451736688613892,0.7494982481002808,0.6404054164886475,,,,,0.0,0.24835205078125,0.2633056640625,0.267333984375,0.22100830078125,217,0.5253456221198156,2.5990783410138247,2.414746543778802,0.18433179723502305,232,0.521551724137931,2.6293103448275863,2.4267241379310347,0.2025862068965517,236,0.4788135593220339,2.593220338983051,2.461864406779661,0.13135593220338984,196,0.5255102040816326,2.6683673469387754,2.4081632653061225,0.2602040816326531,-0.03135595843195915,0.7185096144676208,217.0,0.035742469131946564,0.7903685569763184,234.0,-0.04169508442282677,0.7369130849838257,235.0,0.12612396478652954,0.7163890600204468,195.0
8,131072,7058,3646,2414,998,0.5165769339756305,0.54,0.5,-0.00907019805163145,0.2896078824996948,-0.009943162091076374,0.6513614058494568,881,462,298,121,0.5244040862656073,0.20885357548240635,2.624290578887628,2.4154370034052213,0.06138741970062256,0.02934570424258709,0.01241455040872097,0.0012555087450891733,0.026666926220059395,0.0142822265625,1.42822265625,-0.07684326171875,-0.00907019805163145,-0.02587454853592519,0.926407621779912,0.8387704491615295,0.04106921702623367,0.8756259083747864,0.925697922706604,0.9771552085876465,1.0539498329162598,-0.019439087176300118,0.6527416232882277,131072.0001,2.832129485170606,0.0190664159862036,0.1655479753521127,1.0439403149443613,0.000233616,1.3846963694397831,-0.0013106288674941734,0.0008608312261336503,0.0,0.033598188463988654,0.9432907771896308,0.0,0.8175540872862641,881.0,0.05408230633802817,4.0,3.0,0.0,0.0,0.05377197265625,0.6310520768165588,0.7210012674331665,0.6270100474357605,,,,,0.0,0.2354736328125,0.2567138671875,0.23016357421875,0.27764892578125,207,0.5024154589371981,2.608695652173913,2.42512077294686,0.18357487922705315,226,0.4911504424778761,2.584070796460177,2.4601769911504423,0.12389380530973451,203,0.5467980295566502,2.6305418719211824,2.3891625615763545,0.2413793103448276,245,0.5551020408163265,2.669387755102041,2.3877551020408165,0.2816326530612245,0.07781171798706055,0.7202227711677551,207.0,-0.04011326655745506,0.7036743760108948,226.0,0.11126865446567535,0.7317472100257874,202.0,0.03076014667749405,0.7056204676628113,246.0
9,147456,7948,4101,2713,1134,0.5159788626069451,0.62,0.52,-0.00921712163835764,0.28809744119644165,-0.012711424380540848,0.6550878286361694,890,455,299,136,0.5112359550561798,0.20898876404494382,2.640449438202247,2.4314606741573033,0.0619547963142395,0.02733154222369194,0.012237548828125,0.0013256240636110306,0.026206782087683678,0.01458740234375,1.458740234375,-0.07650147378444672,-0.00921712163835764,-0.028923097607755178,0.9309022925995492,0.8111472129821777,0.04701254889369011,0.870112419128418,0.9308748841285706,0.9903361797332764,1.0667450428009033,-0.018691569088389363,0.653006154260683,147456.0001,2.860174034092877,0.01985886088742346,0.1690772804054054,0.9697868517927222,0.000231568,1.3847316696837142,-0.00332376633430629,0.0015181023745108669,0.0,0.0459941257268664,0.946534505164301,0.0,0.738235434164872,889.0,0.055083403716216214,4.0,0.0,0.0,0.0,0.05426025390625,0.634470522403717,0.723831295967102,0.6305596828460693,,,,,0.0,0.270751953125,0.2454833984375,0.22637939453125,0.25738525390625,244,0.48360655737704916,2.6352459016393444,2.4795081967213113,0.1557377049180328,218,0.5137614678899083,2.6009174311926606,2.4174311926605503,0.1834862385321101,198,0.4898989898989899,2.6464646464646466,2.4696969696969697,0.17676767676767677,230,0.5565217391304348,2.6782608695652175,2.360869565217391,0.3173913043478261,-0.02082234062254429,0.7041125893592834,241.0,0.09225514531135559,0.705599308013916,218.0,0.0077744596637785435,0.7034695148468018,201.0,0.0941181555390358,0.7715619802474976,229.0
10,163840,8835,4564,3006,1265,0.5165817770232032,0.5,0.53,-0.009787889197468758,0.28865841031074524,-0.0051116785034537315,0.6687435507774353,887,463,293,131,0.5219842164599775,0.22322435174746336,2.636978579481398,2.4137542277339348,0.05995446443557739,0.02904052846133709,0.01160278357565403,0.0012648547999560833,0.02634701132774353,0.01300048828125,1.300048828125,-0.0767822265625,-0.009787889197468758,-0.02859862441025478,0.9673782728220287,0.8277780413627625,0.04999237880110741,0.9092497825622559,0.9687563180923462,1.0331281423568726,1.0816181898117065,-0.01733358003072465,0.6546095951844491,163840.0001,2.808612265084919,0.019049015069245605,0.17082134046052633,1.1012357685126757,0.00022952,1.3836025030989396,-0.002486331636871999,0.0016750917332862066,0.0,0.04782769680360951,1.012156157117141,0.0,0.8656024321129447,887.0,0.05432771381578947,4.0,1.0,0.0,0.0,0.05413818359375,0.6483866572380066,0.7545285820960999,0.6436765193939209,,,,,0.0,0.1944580078125,0.27984619140625,0.25,0.27569580078125,172,0.5406976744186046,2.633720930232558,2.395348837209302,0.23837209302325582,249,0.5100401606425703,2.646586345381526,2.4216867469879517,0.2248995983935743,222,0.46396396396396394,2.5720720720720722,2.4774774774774775,0.0945945945945946,244,0.5737704918032787,2.6885245901639343,2.360655737704918,0.32786885245901637,0.09054526686668396,0.7439355254173279,174.0,-0.06656095385551453,0.7469204068183899,246.0,-0.08906512707471848,0.7215083837509155,221.0,0.02417188696563244,0.7536502480506897,246.0
11,180224,9719,5057,3273,1389,0.5203210206811401,0.48,0.56,-0.0067137437872588634,0.28994208574295044,0.031253959983587265,0.6525155305862427,884,493,267,124,0.5576923076923077,0.29524886877828055,2.683257918552036,2.3880090497737556,0.057005465030670166,0.03480224311351776,0.014263915829360485,0.001075217267498374,0.026585739105939865,0.0172119140625,1.72119140625,-0.0770263671875,-0.0067137437872588634,-0.014507709251602694,0.9294544786823039,0.8496504426002502,0.04016611725091934,0.8790452480316162,0.9301497936248779,0.9923383593559265,1.0201187133789062,-0.012916530940965343,0.6545685489624915,180224.0001,2.7961321071702607,0.015668870187459553,0.13946906887755103,1.1283733175725352,0.00022747200000000002,1.3819031739721492,2.8999426139360833e-05,0.0001487367781520538,0.0,0.014542064366812714,0.9577193983963558,0.0,0.8452186773017961,885.0,0.05416932397959184,4.0,3.0,0.0,0.0,0.05401611328125,0.633644163608551,0.7240654826164246,0.6295520663261414,,,,,0.0,0.25732421875,0.25506591796875,0.21258544921875,0.2750244140625,228,0.5701754385964912,2.710526315789474,2.3771929824561404,0.3333333333333333,223,0.5650224215246636,2.6502242152466366,2.3632286995515694,0.28699551569506726,189,0.5238095238095238,2.6613756613756614,2.4232804232804233,0.23809523809523808,244,0.5655737704918032,2.7049180327868854,2.3934426229508197,0.3114754098360656,0.0988900288939476,0.737220823764801,229.0,0.08765172213315964,0.7511111497879028,225.0,-0.030637498944997787,0.7135751843452454,188.0,0.0219102893024683,0.6881282329559326,243.0
12,196608,10604,5522,3566,1516,0.520746887966805,0.5,0.51,-0.009211191907525063,0.28880903124809265,-0.0015212967991828918,0.6634548306465149,885,465,293,127,0.5254237288135594,0.24745762711864408,2.647457627118644,2.4,0.06376010179519653,0.02957763709127903,0.01181640662252903,0.0011987127363681793,0.026932302862405777,0.013671875,1.3671875,-0.076416015625,-0.009211191907525063,-0.026233785040676593,0.9479844459465572,0.8328186273574829,0.04943191260099411,0.8828899264335632,0.9457018375396729,1.0073504447937012,1.0999362468719482,-0.011966928096299798,0.6553212433132642,196608.0001,2.7632125105176653,0.01932384225406817,0.16766183035714285,1.0879706178392683,0.00022542400000000003,1.3808052505765642,0.0002616411270561717,9.989622691526684e-05,0.0,0.012680029163465483,0.967015922495297,0.0,0.8432769358158112,884.0,0.05379464285714286,4.0,3.0,0.0,0.0,0.053955078125,0.6419554948806763,0.7359885573387146,0.6374886631965637,,,,,0.0,0.2449951171875,0.245361328125,0.23583984375,0.2738037109375,218,0.5091743119266054,2.623853211009174,2.4220183486238533,0.2018348623853211,217,0.5345622119815668,2.654377880184332,2.4055299539170507,0.2488479262672811,207,0.5217391304347826,2.642512077294686,2.4009661835748792,0.24154589371980675,243,0.5349794238683128,2.6666666666666665,2.374485596707819,0.29218106995884774,0.019632643088698387,0.7396726012229919,217.0,-0.03647461533546448,0.7029879689216614,217.0,-0.038783248513936996,0.7322269082069397,208.0,0.04263833910226822,0.73692387342453,242.0
13,212992,11491,6001,3867,1623,0.5222347924462623,0.52,0.53,-0.006551732309162617,0.28941836953163147,0.030576618388295174,0.6501316428184509,887,479,301,107,0.5400225479143179,0.24351747463359638,2.6448703494926717,2.4013528748590756,0.0538100004196167,0.03226318210363388,0.01488647423684597,0.0012530935928225517,0.026284687221050262,0.0177001953125,1.77001953125,-0.07657471299171448,-0.006551732309162617,-0.031320175795580246,0.9202261129057551,0.7986063957214355,0.05118362233042717,0.8504166007041931,0.9282828569412231,0.9786961078643799,1.0261718034744263,-0.00869434759902128,0.6550216131762177,212992.0001,2.7832390314125153,0.02039889353383557,0.17175734186746988,1.1749770863946662,0.00022337599999999998,1.381812425981085,8.326870941450685e-05,0.00039373311785973587,0.0,0.024658901267076882,0.9267152458070272,0.0,0.9572336709642985,887.0,0.05379329819277109,4.0,3.0,0.0,0.0,0.05413818359375,0.6323980093002319,0.7127732038497925,0.6287068128585815,,,,,0.0,0.26434326171875,0.22613525390625,0.23895263671875,0.27056884765625,234,0.5427350427350427,2.6538461538461537,2.388888888888889,0.26495726495726496,200,0.57,2.66,2.38,0.28,213,0.5258215962441315,2.624413145539906,2.4131455399061035,0.2112676056338028,240,0.525,2.6416666666666666,2.4208333333333334,0.22083333333333333,0.10891679674386978,0.6823506951332092,233.0,0.038332194089889526,0.7210290431976318,199.0,0.048395946621894836,0.7127062678337097,213.0,0.019497791305184364,0.7649385333061218,242.0
14,229376,12379,6474,4148,1757,0.5229824703126262,0.46,0.475,-0.011240046471357346,0.2885322868824005,0.003090672194957733,0.6649596691131592,888,473,281,134,0.5326576576576577,0.2533783783783784,2.6632882882882885,2.40990990990991,0.06162679195404053,0.03077392652630806,0.0096435546875,0.0012401208514347672,0.026941046118736267,0.00848388671875,0.848388671875,-0.07724609971046448,-0.011240046471357346,-0.02583904808360926,0.9560858372231604,0.8537577390670776,0.045963678508996964,0.9086264371871948,0.9537616968154907,1.0084102153778076,1.0715882778167725,-0.007852560471246913,0.655743495120313,229376.0001,2.759116297036829,0.0186917064006401,0.1602112676056338,1.209433311307934,0.000221328,1.3845253175413106,-0.0012258939325027664,0.00040300625119977064,0.0,0.023784907895049147,1.018522883804751,0.0,0.9516990894163159,888.0,0.05427486795774648,4.0,0.0,0.0,0.0,0.05419921875,0.6441442370414734,0.7541086673736572,0.6390291452407837,,,,,0.0,0.261962890625,0.24493408203125,0.24896240234375,0.244140625,231,0.5064935064935064,2.6147186147186146,2.4588744588744587,0.15584415584415584,218,0.5229357798165137,2.669724770642202,2.426605504587156,0.24311926605504589,223,0.5560538116591929,2.6771300448430493,2.3587443946188342,0.3183856502242152,216,0.5462962962962963,2.6944444444444446,2.3935185185185186,0.30092592592592593,-0.11306025832891464,0.7466846704483032,233.0,-0.07531178742647171,0.7265217900276184,217.0,-0.01344219222664833,0.7727089524269104,223.0,-0.03941543027758598,0.7233142256736755,215.0
15,245760,13260,6972,4406,1882,0.5257918552036199,0.64,0.565,-0.007757237181067467,0.28985267877578735,0.03694088011980057,0.6519606709480286,881,498,258,125,0.565266742338252,0.3132803632236095,2.684449489216799,2.3711691259931897,0.07838720083236694,0.035888671875,0.01264648512005806,0.0011779991909861565,0.026523489505052567,0.015350341796875,1.5350341796875,-0.07796631008386612,-0.007757237181067467,-0.026818735066003033,0.9022229816232409,0.8021409511566162,0.042459774762392044,0.8557137846946716,0.9005268216133118,0.9517491459846497,1.05450439453125,-0.004866331099725514,0.6555872106012532,245760.0001,2.734206829752241,0.02033456749881485,0.17020089285714285,1.0804854895387377,0.00021928,1.3845877477100916,-0.0007854372332336165,0.00033655331559592533,0.0,0.021948287545471092,0.9342760741710663,0.0,0.8111107489892415,882.0,0.05357142857142857,4.0,3.0,0.0,0.0,0.0538330078125,0.6258866190910339,0.7272215485572815,0.6212168335914612,,,,,0.0,0.25372314453125,0.24505615234375,0.24609375,0.255126953125,224,0.5758928571428571,2.732142857142857,2.357142857142857,0.375,213,0.5821596244131455,2.6901408450704225,2.375586854460094,0.3145539906103286,220,0.5409090909090909,2.640909090909091,2.4045454545454548,0.23636363636363636,224,0.5625,2.674107142857143,2.3482142857142856,0.32589285714285715,0.07263288646936417,0.704971432685852,222.0,0.033898454159498215,0.6940336227416992,217.0,-0.05185733735561371,0.7701553106307983,217.0,0.029706481844186783,0.7038124203681946,226.0
16,262144,14146,7446,4683,2017,0.5263678778453273,0.46,0.515,-0.006867244839668274,0.2863124907016754,0.02148234285414219,0.6451618075370789,886,474,277,135,0.5349887133182845,0.2652370203160271,2.660270880361174,2.395033860045147,0.06252807378768921,0.03106689453125,0.014208984561264515,0.0011600248981267214,0.027056578546762466,0.01898193359375,1.898193359375,-0.07692871242761612,-0.006867244839668274,-0.03383108454701655,0.898205041885376,0.8203662633895874,0.03882639855146408,0.8546531200408936,0.8899909257888794,0.9498210549354553,0.9970206022262573,-0.0032195389782369837,0.6549715404310629,262144.0001,2.738253377465641,0.02170874339884476,0.1880514705882353,1.203766625768998,0.000217232,1.3816954079796286,-0.00022091153875089563,0.0002655028231228083,0.0,0.021433000193760546,0.9350543867139255,0.0,0.9687788994873271,886.0,0.054434742647058824,4.0,1.0,0.0,0.0,0.0540771484375,0.6246659159660339,0.7106113433837891,0.6207056045532227,,,,,0.0,0.23309326171875,0.2791748046875,0.22430419921875,0.263427734375,206,0.5242718446601942,2.645631067961165,2.4029126213592233,0.24271844660194175,249,0.5341365461847389,2.63855421686747,2.393574297188755,0.24497991967871485,198,0.5303030303030303,2.6464646464646466,2.404040404040404,0.24242424242424243,233,0.5493562231759657,2.708154506437768,2.3819742489270386,0.3261802575107296,0.04753202199935913,0.7060253620147705,206.0,0.07147913426160812,0.7210838198661804,246.0,0.004326558206230402,0.75310218334198,200.0,0.056412700563669205,0.7121891379356384,234.0
17,278528,15031,7920,4982,2129,0.5269110504956424,0.54,0.535,-0.00906346458941698,0.28866127133369446,0.011254096403717995,0.6708675026893616,885,474,299,112,0.535593220338983,0.2271186440677966,2.6418079096045197,2.4146892655367234,0.07446104288101196,0.03140868991613388,0.01134033314883709,0.001254602917470038,0.02681640535593033,0.01373291015625,1.373291015625,-0.07705077528953552,-0.00906346458941698,-0.02299200981998673,0.959416048343365,0.8428063988685608,0.05047708749771118,0.8926907777786255,0.9531586170196533,1.0284098386764526,1.0580737590789795,-0.0023681486619570717,0.6559261029218394,278528.0001,2.7096781840691198,0.01785615756570433,0.1587439903846154,1.2333367668665371,0.000215184,1.3792537982647235,-0.0004601331618547332,0.0001511252070709081,0.0,0.015357946672413848,0.9988279498540438,0.0,0.9230754439647381,885.0,0.05405649038461539,4.0,1.0,0.0,0.0,0.05401611328125,0.6454076766967773,0.7494773268699646,0.6407183408737183,,,,,0.0,0.22406005859375,0.27325439453125,0.23565673828125,0.26702880859375,198,0.5303030303030303,2.621212121212121,2.393939393939394,0.22727272727272727,241,0.5477178423236515,2.659751037344398,2.3941908713692945,0.26556016597510373,208,0.4951923076923077,2.6153846153846154,2.456730769230769,0.15865384615384615,238,0.5630252100840336,2.6638655462184873,2.4159663865546217,0.24789915966386555,0.005407966207712889,0.7183458805084229,201.0,0.049101125448942184,0.7748162150382996,240.0,-0.07824067771434784,0.672746479511261,209.0,-0.031113937497138977,0.7870714068412781,235.0
18,294912,15914,8395,5251,2268,0.5275229357798165,0.58,0.56,-0.007128942757844925,0.2871935963630676,0.027338579297065735,0.6517012119293213,883,475,269,139,0.5379388448471121,0.2695356738391846,2.6738391845979614,2.4043035107587767,0.06711810827255249,0.03138427808880806,0.01445312425494194,0.0010667388560250401,0.02675675041973591,0.01873779296875,1.873779296875,-0.07651367783546448,-0.007128942757844925,-0.024743244475893565,0.9123440669543708,0.8375923037528992,0.045240432024002075,0.8579261898994446,0.9077643156051636,0.9754275679588318,1.0469614267349243,-0.0007177748870154203,0.6557274090976679,294912.0001,2.7167804347935007,0.01809907512593347,0.15697877798507462,1.3343171299393497,0.000213136,1.3788010433538636,0.0007887652397799584,0.00012057768218665442,0.0,0.012610271705202208,0.945102503050619,0.0,1.0580290284619402,883.0,0.054104477611940295,4.0,1.0,0.0,0.0,0.05389404296875,0.6294509172439575,0.7337153553962708,0.6245540976524353,,,,,0.0,0.2640380859375,0.2816162109375,0.20391845703125,0.25042724609375,234,0.5512820512820513,2.7051282051282053,2.3846153846153846,0.32051282051282054,247,0.5222672064777328,2.651821862348178,2.4129554655870447,0.2388663967611336,182,0.532967032967033,2.6483516483516483,2.423076923076923,0.22527472527472528,220,0.5454545454545454,2.6863636363636365,2.4,0.2863636363636364,0.023214159533381462,0.7243388295173645,232.0,0.029918676242232323,0.7355561852455139,248.0,0.04097379744052887,0.7318392992019653,180.0,0.01406096201390028,0.7412084341049194,223.0
19,311296,16798,8889,5507,2402,0.5291701393022978,0.54,0.57,-0.006578060798346996,0.28682437539100647,0.035501234233379364,0.654559850692749,884,494,256,134,0.5588235294117647,0.3065610859728507,2.683257918552036,2.3766968325791855,0.0656595230102539,0.03486327826976776,0.01385498046875,0.001139467116445303,0.026434708386659622,0.01837158203125,1.837158203125,-0.07716064155101776,-0.006578060798346996,-0.022989702390145455,0.9220540016444762,0.8375830054283142,0.041891083121299744,0.8697710633277893,0.9196768999099731,0.9769635200500488,1.0277552604675293,0.0011884887502877312,0.6557158880929357,311296.0001,2.676544114724914,0.019899218591666823,0.16633628731343283,1.2675096508282333,0.000211088,1.3816810881913597,-0.0010418084840144294,0.0007161397230352598,0.0,0.033587909462387835,0.9624019754466726,0.0,0.9786274090631685,883.0,0.05392957089552239,4.0,3.0,0.0,0.0,0.05389404296875,0.6327059864997864,0.7500495314598083,0.6272402405738831,,,,,0.0,0.24847412109375,0.25079345703125,0.24176025390625,0.25897216796875,220,0.6136363636363636,2.7227272727272727,2.3,0.42272727272727273,222,0.5495495495495496,2.684684684684685,2.3828828828828827,0.30180180180180183,212,0.5283018867924528,2.669811320754717,2.419811320754717,0.25,230,0.5434782608695652,2.6565217391304348,2.4043478260869566,0.25217391304347825,0.12851855158805847,0.7484836578369141,221.0,0.008582443930208683,0.7506447434425354,221.0,0.057265736162662506,0.7391238808631897,214.0,0.03372638672590256,0.7028945684432983,227.0
20,327680,17682,9368,5781,2533,0.5298043207781925,0.56,0.57,-0.009870469570159912,0.2880568206310272,0.012111377902328968,0.6520324945449829,884,479,274,131,0.5418552036199095,0.2692307692307692,2.671945701357466,2.4027149321266967,0.061131298542022705,0.03215331956744194,0.01036987267434597,0.0008652391843497753,0.02592010423541069,0.01214599609375,1.214599609375,-0.07753906399011612,-0.009870469570159912,-0.025764871954119632,0.9195439892155783,0.8148273825645447,0.058704815804958344,0.8497648239135742,0.9166169166564941,0.9877400398254395,1.0953084230422974,0.001734633207723123,0.6555365313012687,327680.0001,2.663350190435137,0.018486708349415234,0.15714285714285714,1.3079978798116956,0.00020904000000000002,1.3833636164665222,-0.0014005124432809625,0.0005486068786784212,0.0,0.02760041642961392,0.9584610658032554,0.0,1.0391738691500254,885.0,0.05404575892857143,4.0,1.0,0.0,0.0,0.05401611328125,0.631788432598114,0.738332986831665,0.6269190907478333,,,,,0.0,0.2674560546875,0.2784423828125,0.2296142578125,0.2244873046875,238,0.5210084033613446,2.634453781512605,2.4285714285714284,0.20588235294117646,246,0.5040650406504065,2.6422764227642275,2.4430894308943087,0.1991869918699187,205,0.5365853658536586,2.6439024390243904,2.395121951219512,0.24878048780487805,195,0.6205128205128205,2.7846153846153845,2.3282051282051284,0.4564102564102564,-0.0684102401137352,0.7099288702011108,236.0,-0.04805338382720947,0.6874730587005615,248.0,-0.042569421231746674,0.8177958726882935,203.0,0.050199054181575775,0.7453168034553528,198.0
21,344064,18567,9855,6049,2663,0.5307804168686379,0.54,0.57,-0.006284527480602264,0.2913346290588379,0.0394529327750206,0.6544186472892761,885,487,268,130,0.5502824858757062,0.3016949152542373,2.6836158192090394,2.381920903954802,0.06818002462387085,0.0335693359375,0.015325927175581455,0.0009947773069143295,0.02661646530032158,0.01959228515625,1.959228515625,-0.07789307087659836,-0.006284527480602264,-0.023528649060822585,0.9211760040591744,0.8153941631317139,0.04644473269581795,0.8636754751205444,0.9206334352493286,0.9729110598564148,1.0669814348220825,0.0035307427104057367,0.6555325554005167,344064.0001,2.639355848817264,0.01737807450049064,0.14631204044117646,1.334143745548585,0.00020699200000000003,1.384173721075058,1.4580028476423166e-05,0.00012920439748728205,0.0,0.014756593425346095,0.9309155642986298,0.0,1.0548561013796751,885.0,0.05457261029411765,4.0,3.0,0.0,0.0,0.05401611328125,0.631715714931488,0.724968671798706,0.6274940371513367,,,,,0.0,0.2489013671875,0.23486328125,0.2493896484375,0.266845703125,219,0.5342465753424658,2.675799086757991,2.415525114155251,0.2602739726027397,209,0.5263157894736842,2.665071770334928,2.3923444976076556,0.2727272727272727,221,0.5746606334841629,2.683257918552036,2.3438914027149322,0.3393665158371041,236,0.5635593220338984,2.707627118644068,2.3771186440677967,0.3305084745762712,0.08093827962875366,0.7501980066299438,221.0,0.022350946441292763,0.7372051477432251,207.0,0.038851674646139145,0.7418423891067505,223.0,-0.0033210497349500656,0.6736589670181274,234.0
22,360448,19447,10324,6325,2798,0.5308787987864452,0.56,0.515,-0.007565348409116268,0.28565171360969543,0.018629100173711777,0.6452195644378662,880,469,276,135,0.5329545454545455,0.25795454545454544,2.6636363636363636,2.4056818181818183,0.06907844543457031,0.030517578125,0.01398925855755806,0.0010873338906094432,0.026011597365140915,0.01861572265625,1.861572265625,-0.07825927436351776,-0.007565348409116268,-0.02527660631042506,0.8966692183698927,0.7962585091590881,0.0473821759223938,0.8395707011222839,0.8982216715812683,0.9506711959838867,1.0398366451263428,0.004217031685820158,0.6550748557906885,360448.0001,2.6082447596958707,0.018834487287261125,0.15733816964285716,1.2939046238149916,0.000204944,1.3850877438272748,-0.000998766375314172,0.00040573147798974267,0.0,0.02342175213814071,0.8829125540597098,0.0,1.0070572222982135,880.0,0.05326450892857143,4.0,2.0,0.0,0.0,0.0537109375,0.6225354671478271,0.7022385001182556,0.6188897490501404,,,,,0.0,0.25,0.23388671875,0.26287841796875,0.25323486328125,222,0.5315315315315315,2.6666666666666665,2.400900900900901,0.26576576576576577,203,0.4482758620689655,2.5763546798029555,2.497536945812808,0.07881773399014778,231,0.5887445887445888,2.74025974025974,2.354978354978355,0.3852813852813853,224,0.5535714285714286,2.6607142857142856,2.3794642857142856,0.28125,-0.02432497777044773,0.7208721041679382,220.0,-0.0488402359187603,0.7036363482475281,205.0,0.07633378356695175,0.735299289226532,232.0,0.026181962341070175,0.670749306678772,223.0
23,376832,20326,10828,6572,2926,0.5327167175046739,0.58,0.505,-0.006705084815621376,0.2886827290058136,0.04531425982713699,0.6369381546974182,879,504,247,128,0.5733788395904437,0.35494880546075086,2.6985210466439136,2.3435722411831628,0.07963675260543823,0.03707275539636612,0.01362304762005806,0.0010708537884056568,0.025918692350387573,0.017822265625,1.7822265625,-0.07872314751148224,-0.006705084815621376,-0.013072850545868278,0.8701261258125306,0.8027192950248718,0.04036055505275726,0.8184148073196411,0.866113007068634,0.9376633167266846,0.9663903713226318,0.0060038676914901945,0.6543504325831545,376832.0001,2.5392163944244386,0.01747630622237921,0.14609375,1.3238049566745758,0.000202896,1.3858186984062195,0.0001385430323273873,6.091267422789315e-05,0.0,0.009928047954351342,0.89589759349823,0.0,0.9822835928201675,877.0,0.0530859375,4.0,2.0,0.0,0.0,0.05352783203125,0.6110501885414124,0.7115353345870972,0.6064159274101257,,,,,0.0,0.2447509765625,0.23828125,0.27874755859375,0.23822021484375,214,0.602803738317757,2.7336448598130842,2.317757009345794,0.4158878504672897,210,0.5380952380952381,2.657142857142857,2.376190476190476,0.28095238095238095,246,0.5894308943089431,2.6951219512195124,2.317073170731707,0.3780487804878049,209,0.5598086124401914,2.708133971291866,2.3684210526315788,0.3397129186602871,0.0885770246386528,0.7251353859901428,213.0,0.030451791360974312,0.7296259999275208,209.0,0.04469316080212593,0.6587414145469666,246.0,-0.02772863581776619,0.6880172491073608,209.0
24,393216,21212,11333,6834,3045,0.5342730529888742,0.62,0.57,-0.008100243285298347,0.288826048374176,0.04216178134083748,0.6528420448303223,886,505,262,119,0.5699774266365688,0.3329571106094808,2.6873589164785554,2.3544018058690743,0.0801425576210022,0.03693847730755806,0.01210327073931694,0.0011908868327736855,0.025720223784446716,0.01409912109375,1.409912109375,-0.07869873195886612,-0.008100243285298347,-0.016078580448475596,0.9092289495926636,0.7949819564819336,0.047355908900499344,0.8439348936080933,0.9115177989006042,0.9710456132888794,0.9792052507400513,0.007510447426496522,0.6543275451651174,393216.0001,2.5981464110887966,0.01682696434839342,0.14408052884615385,1.2866136374381871,0.000200848,1.3850140800842872,-0.00030034592971507943,0.0002565589820995648,0.0,0.020502174493760076,0.9112393437669828,0.0,0.9621325307167493,888.0,0.054574819711538464,4.0,0.0,0.0,0.0,0.05419921875,0.626135528087616,0.7071896195411682,0.6226152777671814,,,,,0.0,0.271240234375,0.238525390625,0.23992919921875,0.25030517578125,241,0.6141078838174274,2.7012448132780085,2.2987551867219915,0.4024896265560166,210,0.5428571428571428,2.6523809523809523,2.4,0.2523809523809524,213,0.5586854460093896,2.68075117370892,2.3615023474178405,0.3192488262910798,222,0.5585585585585585,2.7117117117117115,2.364864864864865,0.34684684684684686,0.018805991858243942,0.7374024391174316,242.0,0.03487386181950569,0.7025235891342163,210.0,-0.05552482604980469,0.6704989671707153,213.0,-0.03424779325723648,0.7180044054985046,223.0
25,409600,22093,11801,7122,3170,0.5341510885800932,0.54,0.555,-0.008784163743257523,0.28743308782577515,0.018034521490335464,0.6529786586761475,881,468,288,125,0.5312145289443814,0.2656072644721907,2.6572077185017027,2.3916004540295117,0.08065980672836304,0.0303955078125,0.013415527530014515,0.0009513999102637172,0.02552390843629837,0.01666259765625,1.666259765625,-0.07935791462659836,-0.008784163743257523,-0.023992112878224125,0.9041236276211946,0.8069508671760559,0.05244957283139229,0.8318749070167542,0.9041397571563721,0.966080904006958,1.0540393590927124,0.007931410388947305,0.6542768927516344,409600.0001,2.555908925291421,0.018617290774009365,0.15724071557971014,1.2916411049124124,0.0001988,1.3847866144733152,-0.0006459860719132179,0.00034476723602403956,0.0,0.02194065055435148,0.9127748297608417,0.0,0.9864625546379365,880.0,0.053923233695652176,4.0,2.0,0.0,0.0,0.0537109375,0.6260904669761658,0.7139870524406433,0.6222273707389832,,,,,0.0,0.245361328125,0.25732421875,0.270263671875,0.22705078125,214,0.4953271028037383,2.6401869158878504,2.44392523364486,0.19626168224299065,226,0.584070796460177,2.6548672566371683,2.34070796460177,0.3141592920353982,240,0.5416666666666666,2.675,2.3625,0.3125,201,0.4975124378109453,2.656716417910448,2.427860696517413,0.22885572139303484,-0.06461172550916672,0.694439709186554,214.0,0.037372931838035583,0.7390090227127075,227.0,-0.027167711406946182,0.7040247917175293,239.0,0.041747745126485825,0.7371739149093628,200.0
26,425984,22977,12277,7414,3286,0.5343169256212734,0.48,0.495,-0.00796431489288807,0.2878376245498657,0.01941850036382675,0.6574539542198181,884,476,292,116,0.5384615384615384,0.2692307692307692,2.6549773755656108,2.3857466063348416,0.07907116413116455,0.03178710862994194,0.01365966722369194,0.0009846457978710532,0.02586643025279045,0.0179443359375,1.79443359375,-0.0794677734375,-0.00796431489288807,-0.027413221248361753,0.9208412448020831,0.8120357394218445,0.052248913794755936,0.8600762486457825,0.9175541996955872,0.9871542453765869,1.0761584043502808,0.008373221541723569,0.6544031002952843,425984.0001,2.5160221890227437,0.019772630684039467,0.1640625,1.3265169238390988,0.00019675200000000002,1.3838626962818512,-0.0008977920722573797,0.00017442105768750464,0.0,0.015211198196453194,0.9385412380303422,0.0,1.0391103813093003,885.0,0.05385809075342466,4.0,3.0,0.0,0.0,0.05401611328125,0.6309258937835693,0.7330688238143921,0.6260600686073303,,,,,0.0,0.2523193359375,0.24053955078125,0.23785400390625,0.269287109375,223,0.5022421524663677,2.623318385650224,2.4260089686098656,0.19730941704035873,213,0.5821596244131455,2.671361502347418,2.3098591549295775,0.3615023474178404,211,0.5213270142180095,2.6682464454976302,2.4123222748815167,0.2559241706161137,237,0.5485232067510548,2.6582278481012658,2.392405063291139,0.26582278481012656,0.04161783680319786,0.7184243202209473,224.0,0.0731748566031456,0.7410628199577332,214.0,0.028366632759571075,0.7579792141914368,210.0,-0.01860959641635418,0.7144229412078857,237.0
27,442368,23858,12780,7678,3400,0.5356693771481265,0.72,0.63,-0.0049925679340958595,0.2854728102684021,0.060152437537908554,0.6452092528343201,881,503,264,114,0.5709421112372304,0.3325766174801362,2.6799091940976165,2.34733257661748,0.06687891483306885,0.03693848103284836,0.01615600660443306,0.0010980775114148855,0.025470679625868797,0.02203369140625,2.203369140625,-0.07949218899011612,-0.0049925679340958595,-0.015204770490527153,0.9026832969821229,0.8121699690818787,0.04750939831137657,0.8490133285522461,0.8998711109161377,0.9643748998641968,1.0099247694015503,0.010290970281889494,0.654137986327644,442368.0001,2.4932660521293175,0.015903026946554228,0.13356983418367346,1.3624107874169642,0.000194704,1.3826009862276973,-0.0005895010299080117,0.0001485397873663566,0.0,0.015856562279599033,0.8928501946585519,0.0,1.032885450489667,881.0,0.05297353316326531,4.0,3.0,0.0,0.0,0.05377197265625,0.623260498046875,0.723308801651001,0.6186181902885437,,,,,0.0,0.23907470703125,0.24267578125,0.25732421875,0.26092529296875,211,0.5971563981042654,2.7156398104265405,2.3033175355450237,0.41232227488151657,213,0.5727699530516432,2.676056338028169,2.347417840375587,0.3286384976525822,226,0.5663716814159292,2.663716814159292,2.3628318584070795,0.3008849557522124,231,0.5497835497835498,2.6666666666666665,2.3722943722943723,0.2943722943722944,0.1631239950656891,0.6973333954811096,212.0,0.0649256557226181,0.6776054501533508,212.0,0.0213016327470541,0.7166206240653992,226.0,0.042718928307294846,0.7454274296760559,231.0
28,458752,24745,13289,7938,3518,0.5370377854111942,0.58,0.575,-0.006579071283340454,0.2905413806438446,0.05746263265609741,0.6656923890113831,887,509,260,118,0.5738444193912063,0.3382187147688839,2.6832018038331453,2.3449830890642613,0.08540791273117065,0.03762207180261612,0.01467285118997097,0.0011854255571961403,0.025571774691343307,0.01959228515625,1.959228515625,-0.08046875149011612,-0.006579071283340454,0.0014289894818582318,0.9415846611514236,0.8449079990386963,0.04704626649618149,0.8787474632263184,0.9482373595237732,0.9982751607894897,1.0302962064743042,0.01197567250917254,0.6546126895499007,458752.0001,2.4734512314651953,0.008919105766284647,0.09694602272727272,1.448853814240658,0.000192656,1.3817326480692083,-0.00013701406377192473,0.00016433556950133698,0.0,0.013679638698799967,1.0160329070958225,0.0,1.0550023452802137,885.0,0.05397727272727273,4.0,0.0,0.0,0.0,0.05401611328125,0.6366302967071533,0.7699373364448547,0.6303689479827881,,,,,0.0,0.26019287109375,0.23480224609375,0.24542236328125,0.25958251953125,231,0.5974025974025974,2.688311688311688,2.329004329004329,0.3593073593073593,209,0.5885167464114832,2.7033492822966507,2.334928229665072,0.3684210526315789,219,0.547945205479452,2.65296803652968,2.3835616438356166,0.2694063926940639,228,0.5614035087719298,2.68859649122807,2.3333333333333335,0.35526315789473684,-0.01926277205348015,0.7837070226669312,229.0,0.06251398473978043,0.7384944558143616,208.0,-0.09137459099292755,0.7493296265602112,218.0,0.08918973058462143,0.7460547685623169,230.0
29,475136,25626,13795,8201,3630,0.5383204557870912,0.44,0.5,-0.00582732493057847,0.2866324782371521,0.06442591547966003,0.6566569209098816,881,506,263,112,0.5743473325766175,0.34506242905788875,2.684449489216799,2.33938706015891,0.09534400701522827,0.03751220926642418,0.01511230506002903,0.0011690948158502579,0.025553561747074127,0.01971435546875,1.971435546875,-0.07985839992761612,-0.00582732493057847,-0.026340710899062657,0.9009073118905764,0.7957253456115723,0.042428337037563324,0.8439430594444275,0.8997713327407837,0.9520952701568604,1.0096039772033691,0.01378430157673973,0.6547532345547964,475136.0001,2.486991534361968,0.018687498313689453,0.15796558277027026,1.3276648352275024,0.00019060800000000002,1.3818675392382853,-0.0021178293960565876,0.0007671811452696233,0.0,0.03420688539425926,0.9210979423007449,0.0,1.0507854529329248,883.0,0.05415962837837838,4.0,0.0,0.0,0.0,0.05389404296875,0.62456876039505,0.7278175354003906,0.6198322772979736,,,,,0.0,0.26397705078125,0.2431640625,0.22894287109375,0.263916015625,231,0.5887445887445888,2.6623376623376624,2.3073593073593073,0.354978354978355,213,0.5352112676056338,2.676056338028169,2.4131455399061035,0.26291079812206575,202,0.5643564356435643,2.6881188118811883,2.3465346534653464,0.3415841584158416,235,0.6042553191489362,2.7106382978723405,2.297872340425532,0.4127659574468085,0.06887798756361008,0.6891220211982727,234.0,-0.07157296687364578,0.7248906493186951,213.0,0.015565662644803524,0.7596443891525269,203.0,0.02909606136381626,0.7204241752624512,233.0
30,491520,26508,14295,8467,3746,0.539271163422363,0.6,0.58,-0.005550935864448547,0.28812336921691895,0.05070172995328903,0.6522100567817688,882,500,266,116,0.5668934240362812,0.32653061224489793,2.6859410430839,2.3594104308390023,0.07209563255310059,0.03630371019244194,0.015777587890625,0.0011200698791071773,0.02478644996881485,0.02069091796875,2.069091796875,-0.08065185695886612,-0.005550935864448547,-0.02434332839980283,0.91023169019643,0.767247200012207,0.04858814924955368,0.8533135652542114,0.9100906848907471,0.9721705317497253,1.0453442335128784,0.015014882522374344,0.6547021607379178,491520.0001,2.426899685579188,0.017398523449254057,0.14950022977941177,1.367354328141493,0.00018856,1.3839015820447136,-0.0020739222654097196,0.000655252756784568,0.0,0.029834243975581574,0.937904335120145,0.0,1.073411564616596,881.0,0.05379710477941176,4.0,0.0,0.0,0.0,0.05377197265625,0.628259539604187,0.7184094786643982,0.6239596009254456,,,,,0.0,0.27972412109375,0.21942138671875,0.24853515625,0.2523193359375,249,0.5381526104417671,2.6626506024096384,2.4136546184738954,0.24899598393574296,192,0.5572916666666666,2.6458333333333335,2.375,0.2708333333333333,219,0.5616438356164384,2.675799086757991,2.3424657534246576,0.3333333333333333,222,0.6126126126126126,2.7567567567567566,2.3018018018018016,0.45495495495495497,-0.04443809390068054,0.7211933135986328,245.0,0.009046846069395542,0.7227168083190918,193.0,0.08154179155826569,0.7732561230659485,217.0,0.07622165232896805,0.6809841990470886,226.0
31,507904,27393,14797,8730,3866,0.5401744971343044,0.68,0.65,-0.006781749427318573,0.28911587595939636,0.03916972875595093,0.6584995985031128,885,502,263,120,0.5672316384180791,0.3446327683615819,2.689265536723164,2.3446327683615817,0.07627719640731812,0.03643798828125,0.014910888858139515,0.0010723478626459837,0.02457551844418049,0.01922607421875,1.922607421875,-0.08157959580421448,-0.006781749427318573,-0.0243860791552056,0.9302041634269382,0.8374561071395874,0.04730476438999176,0.8762909173965454,0.9260215163230896,0.9967907071113586,1.040933609008789,0.01579407111040082,0.6548389102091867,507904.0001,2.397080663321675,0.018414540668490572,0.14549365942028986,1.4429599556370059,0.000186512,1.3851183531940847,-9.536547282225501e-05,7.1450138892138e-05,0.0,0.01073751593296367,0.966172620870065,0.0,1.135425746872805,886.0,0.054262907608695655,4.0,3.0,0.0,0.0,0.0540771484375,0.6328872442245483,0.7395022511482239,0.6280630230903625,,,,,0.0,0.25250244140625,0.24114990234375,0.2265625,0.27978515625,222,0.5315315315315315,2.689189189189189,2.3828828828828827,0.3063063063063063,215,0.5674418604651162,2.6790697674418604,2.3488372093023258,0.3302325581395349,198,0.5505050505050505,2.676767676767677,2.378787878787879,0.29797979797979796,250,0.612,2.708,2.28,0.428,0.00025143794482573867,0.7373207211494446,224.0,-0.003126278053969145,0.7779849767684937,214.0,-0.03980454429984093,0.6989235877990723,201.0,0.013568519614636898,0.7490125298500061,247.0
32,524288,28276,15297,8984,3995,0.5409888244447588,0.58,0.555,-0.0060629043728113174,0.28731662034988403,0.05428003519773483,0.6508389711380005,883,500,254,129,0.5662514156285391,0.36126840317100795,2.6987542468856174,2.3374858437146093,0.07194054126739502,0.03608398884534836,0.016021728515625,0.0009481731103733182,0.025433799251914024,0.0205078125,2.05078125,-0.08070068061351776,-0.0060629043728113174,-0.014354837539140136,0.9122562098503113,0.8107620477676392,0.04839780181646347,0.8553974628448486,0.9155849814414978,0.9758938550949097,1.0194391012191772,0.016996757487900613,0.6547485246374883,524288.0001000001,2.3891119527816773,0.014438490481115878,0.1261328125,1.4049272000789643,0.00018446400000000001,1.3846166610717774,-0.00030611572292400525,0.00015363295891916096,0.0,0.015831037519036785,0.85555812895298,0.0,1.0543512356281282,883.0,0.054140625,4.0,0.0,0.0,0.0,0.05389404296875,0.6269912123680115,0.6735451817512512,0.6249182224273682,,,,,0.0,0.26153564453125,0.25653076171875,0.22381591796875,0.25811767578125,231,0.5627705627705628,2.6796536796536796,2.324675324675325,0.354978354978355,225,0.5466666666666666,2.6977777777777776,2.368888888888889,0.3288888888888889,198,0.5656565656565656,2.727272727272727,2.3383838383838382,0.3888888888888889,229,0.5895196506550219,2.6943231441048034,2.3187772925764194,0.37554585152838427,-0.007087414618581533,0.6782662868499756,232.0,0.02390102483332157,0.6702970862388611,228.0,0.0555577278137207,0.6198834776878357,195.0,-0.038556911051273346,0.7614646553993225,228.0
33,540672,29157,15795,9241,4121,0.5417223994238091,0.72,0.64,-0.0070785884745419025,0.2886270582675934,0.05147964134812355,0.6568781733512878,881,498,257,126,0.565266742338252,0.3439273552780931,2.691259931895573,2.34733257661748,0.0844646692276001,0.03587646782398224,0.01448364183306694,0.0010755048133432865,0.025412755087018013,0.01922607421875,1.922607421875,-0.08124999701976776,-0.0070785884745419025,-0.002461052392735272,0.9204038768201261,0.8069626688957214,0.049751464277505875,0.8685300946235657,0.9042030572891235,0.9880691766738892,1.0267928838729858,0.018041693362259557,0.6548398403434511,540672.0001000001,2.356642922839603,0.010723478554093556,0.10494087837837837,1.455893365112511,0.000182416,1.384960267994855,-0.0002255675894588962,8.567274025840622e-05,0.0,0.01099443755690749,0.9141425297066972,0.0,1.0574239379650838,881.0,0.054106841216216214,4.0,2.0,0.0,0.0,0.05377197265625,0.6285247802734375,0.7292920351028442,0.6239641308784485,,,,,0.0,0.25262451171875,0.2391357421875,0.25970458984375,0.24853515625,221,0.5475113122171946,2.7013574660633486,2.3710407239819005,0.33031674208144796,213,0.539906103286385,2.6384976525821595,2.3661971830985915,0.27230046948356806,229,0.5676855895196506,2.6724890829694323,2.3580786026200875,0.314410480349345,218,0.6055045871559633,2.7522935779816513,2.293577981651376,0.45871559633027525,-0.05185887590050697,0.7188454270362854,223.0,0.050677016377449036,0.6907528638839722,210.0,-0.026690073311328888,0.759969174861908,230.0,-0.018558042123913765,0.6939125061035156,218.0
34,557056,30038,16297,9501,4240,0.5425461082628671,0.52,0.575,-0.008605360984802246,0.2900494933128357,0.048833854496479034,0.6659440994262695,881,502,260,119,0.5698070374574348,0.337116912599319,2.6946651532349604,2.357548240635641,0.08016598224639893,0.03669434040784836,0.012432861141860485,0.0011622331803664565,0.024839844554662704,0.0155029296875,1.55029296875,-0.08143310993909836,-0.008605360984802246,-0.03258423894108768,0.9390169819618793,0.8188807964324951,0.04221487045288086,0.890107274055481,0.9346964359283447,0.99321448802948,1.052406668663025,0.018947345160162256,0.6551897789564132,557056.0001000001,2.3447343719766494,0.020786018686696016,0.17486702127659576,1.4567619232421225,0.000180368,1.384225161785775,-0.0014130085962104667,0.000472087014629851,0.0,0.024123117921792708,0.9889672912181692,0.0,1.1866789729671274,881.0,0.05387716090425532,4.0,1.0,0.0,0.0,0.05377197265625,0.6386935114860535,0.7455698251724243,0.6336910128593445,,,,,0.0,0.2391357421875,0.27105712890625,0.257080078125,0.23272705078125,213,0.6009389671361502,2.7464788732394365,2.3098591549295775,0.43661971830985913,237,0.540084388185654,2.6582278481012658,2.367088607594937,0.2911392405063291,226,0.584070796460177,2.690265486725664,2.3716814159292037,0.3185840707964602,205,0.5560975609756098,2.6878048780487807,2.3804878048780487,0.3073170731707317,0.05554979294538498,0.7448564171791077,210.0,-0.06712454557418823,0.7510895133018494,238.0,-0.020293788984417915,0.7516561150550842,228.0,-0.11398372054100037,0.7404633164405823,205.0
35,573440,30918,16825,9731,4362,0.5441813830131315,0.56,0.54,-0.004742019344121218,0.28758031129837036,0.0873197540640831,0.658731997013092,880,528,230,122,0.6,0.43522727272727274,2.727272727272727,2.2920454545454545,0.08731681108474731,0.04147949442267418,0.01603393442928791,0.0009078509756363928,0.024606626480817795,0.0220947265625,2.20947265625,-0.08192139118909836,-0.004742019344121218,-0.021587737708945166,0.9155845813678972,0.8067246675491333,0.047004178166389465,0.8591431379318237,0.9143397212028503,0.9754945039749146,1.0244464874267578,0.020900842557076475,0.6553902443642324,573440.0001000001,2.3054274428974497,0.017653280414048244,0.14340672348484848,1.4314157312566584,0.00017832000000000001,1.384305507847757,-0.00013171926356516113,0.00010865061839447002,0.0,0.012453367804348877,0.9224000509941217,0.0,1.1082072393460707,880.0,0.053533380681818184,4.0,0.0,0.0,0.0,0.0537109375,0.629315972328186,0.7210698127746582,0.6251792907714844,,,,,0.0,0.278076171875,0.23797607421875,0.26251220703125,0.221435546875,243,0.6090534979423868,2.7325102880658436,2.2962962962962963,0.43621399176954734,208,0.5576923076923077,2.6971153846153846,2.3413461538461537,0.3557692307692308,234,0.6367521367521367,2.713675213675214,2.2393162393162394,0.47435897435897434,195,0.5897435897435898,2.769230769230769,2.2974358974358973,0.4717948717948718,0.07103433459997177,0.7216371893882751,242.0,-0.02186351642012596,0.7601051926612854,209.0,0.09100767970085144,0.6857489347457886,234.0,0.03545023500919342,0.7527920603752136,195.0
36,589824,31798,17360,9959,4479,0.5459462859299327,0.52,0.61,-0.003068971913307905,0.28848013281822205,0.09795548021793365,0.6488526463508606,880,535,228,117,0.6079545454545454,0.41363636363636364,2.727272727272727,2.3136363636363635,0.08961832523345947,0.04282226413488388,0.01777954027056694,0.0008404629770666361,0.024752195924520493,0.02520751953125,2.520751953125,-0.08197021484375,-0.003068971913307905,-0.021828790872611782,0.8883722207762978,0.7808505296707153,0.04506542161107063,0.8333945870399475,0.8855636715888977,0.9429328441619873,0.9956449270248413,0.023041249158404064,0.6553318773758863,589824.0001000001,2.256563000606768,0.016443318713837387,0.1337298768939394,1.405817900643204,0.000176272,1.3852869109673933,-0.0010750578457069428,0.0003834987674966931,0.0,0.02383898449647396,0.9250324707139622,0.0,1.076419305169221,879.0,0.05377012310606061,4.0,2.0,0.0,0.0,0.05364990234375,0.6190958023071289,0.7235105037689209,0.6142795085906982,,,,,0.0,0.26025390625,0.2459716796875,0.26080322265625,0.23297119140625,226,0.6017699115044248,2.730088495575221,2.2964601769911503,0.4336283185840708,218,0.5825688073394495,2.665137614678899,2.36697247706422,0.2981651376146789,231,0.6363636363636364,2.7662337662337664,2.277056277056277,0.48917748917748916,205,0.6097560975609756,2.7463414634146344,2.317073170731707,0.4292682926829268,0.01960727572441101,0.7411046028137207,229.0,0.03599650040268898,0.7571324110031128,215.0,0.12267571687698364,0.7038852572441101,230.0,0.09316451102495193,0.6943108439445496,205.0
37,606208,32683,17885,10205,4593,0.5472263868065967,0.52,0.585,-0.007294316776096821,0.2867659628391266,0.058698780834674835,0.6604792475700378,885,525,246,114,0.5932203389830508,0.4180790960451977,2.712994350282486,2.294915254237288,0.0921180248260498,0.04072265699505806,0.01310424879193306,0.0009980745380744338,0.02425685152411461,0.016357421875,1.6357421875,-0.08228759467601776,-0.007294316776096821,-0.01884145372531424,0.9163089576414076,0.849801778793335,0.03660352900624275,0.8740257024765015,0.9117984175682068,0.961162805557251,1.0068650245666504,0.02400496623057673,0.6554970309996551,606208.0001000001,2.2631682339361157,0.014982855714999644,0.1275489936440678,1.4352317412020796,0.000174224,1.385753296189389,-0.00035963569417025835,0.0002858331298008583,0.0,0.018889301823577398,0.9129741156505327,0.0,1.0743012600025887,886.0,0.05402542372881356,4.0,3.0,0.0,0.0,0.0540771484375,0.6293233633041382,0.7157031297683716,0.6255098581314087,,,,,0.0,0.2557373046875,0.21722412109375,0.2554931640625,0.27154541015625,229,0.5938864628820961,2.6943231441048034,2.296943231441048,0.39737991266375544,191,0.6178010471204188,2.7329842931937174,2.277486910994764,0.45549738219895286,225,0.5688888888888889,2.7066666666666666,2.328888888888889,0.37777777777777777,240,0.5958333333333333,2.720833333333333,2.275,0.44583333333333336,-0.011511534452438354,0.7278417944908142,226.0,0.009019678458571434,0.7323976755142212,193.0,-0.08260197937488556,0.7043232917785645,225.0,0.025167325511574745,0.7199066877365112,242.0
38,622592,33564,18430,10426,4708,0.5491002264330831,0.54,0.56,-0.003728184150531888,0.29108259081840515,0.10043955594301224,0.6498576998710632,881,545,221,115,0.6186152099886493,0.47559591373439275,2.737797956867196,2.262202043132804,0.10130065679550171,0.04461669921875,0.01683349534869194,0.0008710059337317944,0.02442840486764908,0.02264404296875,2.264404296875,-0.08262939751148224,-0.003728184150531888,-0.007408326957374811,0.88107199585715,0.7849399447441101,0.04467969015240669,0.8114619851112366,0.8821579217910767,0.9331498146057129,0.9712729454040527,0.02601640280163354,0.6554634518956102,622592.0001000001,2.2381515475206597,0.011803785057435201,0.10932957848837209,1.5016041910925577,0.00017217599999999999,1.3854639391566432,-0.0009226560818375261,0.00014651912335627093,0.0,0.013992025567765501,0.924416650173276,0.0,1.119329951530279,880.0,0.05332485465116279,4.0,3.0,0.0,0.0,0.0537109375,0.6160635352134705,0.7195165157318115,0.6113676428794861,,,,,0.0,0.2430419921875,0.235107421875,0.25775146484375,0.26409912109375,213,0.6009389671361502,2.727699530516432,2.2816901408450705,0.4460093896713615,206,0.6407766990291263,2.7524271844660193,2.2524271844660193,0.5,227,0.6079295154185022,2.700440528634361,2.2687224669603525,0.43171806167400884,235,0.625531914893617,2.7702127659574467,2.246808510638298,0.5234042553191489,-0.0332217775285244,0.7272782325744629,213.0,0.05461801961064339,0.6843908429145813,206.0,0.06429871171712875,0.7525994181632996,227.0,0.11400153487920761,0.7046003937721252,234.0
39,638976,34447,18974,10666,4807,0.5508171974337388,0.6,0.61,-0.0025296714156866074,0.28926995396614075,0.10761827230453491,0.666371762752533,883,544,240,99,0.6160815402038505,0.43941109852774635,2.710079275198188,2.2706681766704415,0.09491384029388428,0.04450683668255806,0.01829833909869194,0.0010138429934158921,0.02440408244729042,0.02557373046875,2.557373046875,-0.08330078423023224,-0.0025296714156866074,-0.021297580201123188,0.9240117820341196,0.8326033353805542,0.04976944252848625,0.8655068874359131,0.9238371253013611,0.9813159108161926,1.0899885892868042,0.028108758429585608,0.6558722557332765,638976.0001000001,2.2039933649461663,0.015848463663567246,0.13231693097014927,1.4020032010861296,0.000170128,1.3848942358102372,-0.0001938634900601647,9.522587785427412e-05,0.0,0.012071003877230741,0.9775047177699074,0.0,1.0806930323145283,884.0,0.054075326492537316,4.0,2.0,0.0,0.0,0.053955078125,0.6339595317840576,0.7547648549079895,0.6282539963722229,,,,,0.0,0.249755859375,0.21685791015625,0.267578125,0.26580810546875,221,0.6018099547511312,2.7013574660633486,2.2895927601809953,0.4117647058823529,193,0.6113989637305699,2.6632124352331608,2.3108808290155443,0.35233160621761656,234,0.5897435897435898,2.717948717948718,2.299145299145299,0.4188034188034188,235,0.6595744680851063,2.748936170212766,2.1914893617021276,0.5574468085106383,0.06139201298356056,0.7048430442810059,221.0,0.019814446568489075,0.7445937395095825,192.0,0.009700321592390537,0.8038883805274963,234.0,0.0966450572013855,0.7417707443237305,237.0
40,655360,35326,19532,10872,4922,0.5529072071562022,0.54,0.68,-0.001714119571261108,0.28869038820266724,0.13106875121593475,0.6497050523757935,879,558,206,115,0.6348122866894198,0.4789533560864619,2.7474402730375425,2.2684869169510806,0.09023934602737427,0.047119140625,0.01857299730181694,0.0009337632800452411,0.02420729398727417,0.0260009765625,2.60009765625,-0.0826416015625,-0.001714119571261108,-0.026238361581203504,0.8818028971955583,0.7725719809532166,0.04225444048643112,0.8283364772796631,0.8847663402557373,0.9290860891342163,1.0148792266845703,0.030682758248851576,0.6559157839602817,655360.0001000001,2.2101596013919727,0.01889042730122251,0.14835831925675674,1.395560029390696,0.00016808,1.3829052174413525,-0.000998825105073449,0.0005350185938998555,0.0,0.029598782941213424,0.8909682212649165,0.0,1.0822685179678169,879.0,0.05379011824324324,4.0,3.0,0.0,0.0,0.05364990234375,0.619697630405426,0.745780885219574,0.6137921214103699,,,,,0.0,0.2369384765625,0.25494384765625,0.23529052734375,0.2728271484375,206,0.5679611650485437,2.6990291262135924,2.3737864077669903,0.32524271844660196,226,0.6592920353982301,2.7610619469026547,2.2389380530973453,0.5221238938053098,207,0.6280193236714976,2.739130434782609,2.2705314009661834,0.46859903381642515,240,0.675,2.783333333333333,2.2041666666666666,0.5791666666666667,-0.02048131637275219,0.7033364772796631,208.0,0.09547249972820282,0.7230044603347778,225.0,0.01950947381556034,0.7077365517616272,207.0,0.07783147692680359,0.771804690361023,239.0
41,671744,36206,20068,11082,5056,0.5542727724686516,0.62,0.575,-0.0030095346737653017,0.29105138778686523,0.1043972373008728,0.6521480083465576,880,536,210,134,0.6090909090909091,0.45227272727272727,2.7477272727272726,2.2954545454545454,0.061542630195617676,0.04279785230755806,0.01823120191693306,0.0008135562529787421,0.02434692159295082,0.026123046875,2.6123046875,-0.08291015774011612,-0.0030095346737653017,-0.024795567225394905,0.9185486574103867,0.8297432661056519,0.04497283697128296,0.8637072443962097,0.9192895889282227,0.9770024418830872,1.014131784439087,0.03248067237180396,0.6559227146270352,671744.0001000001,2.2051806518996973,0.016446999093666134,0.14068161231884058,1.5451997086621714,0.000166032,1.3838241825933042,-0.001360837289359239,0.0004999796376054015,0.0,0.026536414545894203,0.9175913852194081,0.0,1.2307277572327766,880.0,0.053725090579710144,4.0,3.0,0.0,0.0,0.0537109375,0.631761908531189,0.736314058303833,0.6270791292190552,,,,,0.0,0.24493408203125,0.24664306640625,0.24920654296875,0.25921630859375,215,0.6139534883720931,2.7348837209302324,2.3069767441860467,0.42790697674418604,216,0.5879629629629629,2.7731481481481484,2.300925925925926,0.4722222222222222,219,0.6210045662100456,2.7442922374429224,2.2968036529680367,0.4474885844748858,230,0.6130434782608696,2.739130434782609,2.2782608695652176,0.4608695652173913,0.0719614028930664,0.7323275208473206,215.0,-0.023421939462423325,0.7401622533798218,219.0,0.021110616624355316,0.7428464293479919,219.0,-0.050139088183641434,0.7198794484138489,227.0
42,688128,37091,20611,11305,5175,0.5556873635113639,0.66,0.615,-0.003594671143218875,0.28805702924728394,0.10307419300079346,0.6564080715179443,885,543,223,119,0.6135593220338983,0.46440677966101696,2.7367231638418077,2.272316384180791,0.09798252582550049,0.04395751655101776,0.016693115234375,0.0008415867341682315,0.02443068102002144,0.0238037109375,2.38037109375,-0.08292236924171448,-0.003594671143218875,-0.037082809196519,0.8910355312483651,0.7864294052124023,0.04283276945352554,0.8476162552833557,0.8840823173522949,0.9478745460510254,1.0115712881088257,0.03416147048177374,0.6560225620009537,688128.0001000001,2.1889611391794115,0.02080681732456599,0.17524181547619047,1.494491043544951,0.00016398400000000002,1.3843736217135474,-0.0007753365797708223,0.000374191790394564,0.0,0.02384749787761393,0.9458369019485655,0.0,1.233285213935943,885.0,0.05437127976190476,4.0,1.0,0.0,0.0,0.05401611328125,0.6234209537506104,0.7514595985412598,0.6176599264144897,,,,,0.0,0.25006103515625,0.25323486328125,0.245849609375,0.2508544921875,222,0.6171171171171171,2.684684684684685,2.2387387387387387,0.44594594594594594,224,0.6160714285714286,2.7767857142857144,2.28125,0.4955357142857143,218,0.5871559633027523,2.738532110091743,2.31651376146789,0.42201834862385323,221,0.6334841628959276,2.746606334841629,2.253393665158371,0.49321266968325794,-0.008042150177061558,0.720811665058136,221.0,0.0028650888707488775,0.7113694548606873,224.0,-0.04570213332772255,0.7439117431640625,217.0,0.057246990501880646,0.7543836832046509,223.0
43,704512,37973,21155,11529,5289,0.5571063650488505,0.66,0.625,-0.0007975465268827975,0.2889438569545746,0.12583965063095093,0.6531646847724915,882,544,224,114,0.6167800453514739,0.4523809523809524,2.7301587301587302,2.2777777777777777,0.08225464820861816,0.04438476264476776,0.02098388783633709,0.0009615165181457996,0.024250485002994537,0.02978515625,2.978515625,-0.08282470703125,-0.0007975465268827975,-0.03498430820467065,0.8974080000604902,0.7849943041801453,0.051827967166900635,0.8202061057090759,0.8962796926498413,0.9649979472160339,1.0376354455947876,0.036293521182614766,0.6561017508890968,704512.0001000001,2.1608601930190106,0.020058084525196453,0.1646404655612245,1.4768639176475757,0.000161936,1.3814774094795694,-0.0020651369209972446,0.0005398741220058614,0.0,0.028647970576498375,0.9695178510583177,0.0,1.2227674832149429,881.0,0.053830516581632654,4.0,1.0,0.0,0.0,0.05377197265625,0.6257254481315613,0.7561288475990295,0.6197059154510498,,,,,0.0,0.23883056640625,0.2716064453125,0.2269287109375,0.26263427734375,209,0.5454545454545454,2.6985645933014353,2.373205741626794,0.3253588516746411,241,0.6390041493775933,2.759336099585062,2.2489626556016598,0.5103734439834025,201,0.6019900497512438,2.736318407960199,2.283582089552239,0.4527363184079602,231,0.670995670995671,2.722943722943723,2.2164502164502164,0.5064935064935064,-0.06741917878389359,0.7907739877700806,210.0,0.074787937104702,0.749675452709198,240.0,0.021436486393213272,0.7324318289756775,201.0,0.1119685098528862,0.7506738901138306,230.0
44,720896,38856,21711,11760,5385,0.5587554045707227,0.58,0.64,-0.0024319931399077177,0.29135841131210327,0.12385599315166473,0.6532543897628784,883,556,231,96,0.6296715741789355,0.47904869762174407,2.723669309173273,2.244620611551529,0.09782445430755615,0.04674072563648224,0.0184326171875,0.0009269154397770762,0.023914245888590813,0.025146484375,2.5146484375,-0.08339843899011612,-0.0024319931399077177,-0.022314194498132125,0.8884973896272255,0.7749572992324829,0.04866399988532066,0.8257116079330444,0.8890947103500366,0.9483559131622314,1.004531741142273,0.03828357736345348,0.6561669519368126,720896.0001000001,2.1104728705955274,0.016369045276378252,0.13225023674242425,1.6257008747621016,0.000159888,1.3800520391175242,0.0005170700730394111,5.4562228643989684e-05,0.0,0.009386966304601839,0.9237755184823816,0.0,1.327455812331402,884.0,0.05412523674242424,4.0,3.0,0.0,0.0,0.053955078125,0.6204801201820374,0.7452533841133118,0.6146247386932373,,,,,0.0,0.20013427734375,0.263671875,0.25030517578125,0.285888671875,176,0.5852272727272727,2.7045454545454546,2.2954545454545454,0.4090909090909091,231,0.6233766233766234,2.722943722943723,2.25974025974026,0.46320346320346323,222,0.5855855855855856,2.7027027027027026,2.2837837837837838,0.4189189189189189,254,0.7047244094488189,2.7559055118110236,2.161417322834646,0.594488188976378,-0.048260197043418884,0.7784500122070312,177.0,-0.014905204996466637,0.7362379431724548,233.0,-0.01838064007461071,0.7277121543884277,221.0,0.027171241119503975,0.7191371321678162,253.0
45,737280,39740,22262,11964,5514,0.5601912430800201,0.68,0.675,-0.004062367603182793,0.2862482964992523,0.10844834893941879,0.6445531845092773,884,551,204,129,0.6233031674208145,0.47285067873303166,2.754524886877828,2.2816742081447963,0.08994019031524658,0.04536132514476776,0.01650390774011612,0.001021165051497519,0.023331772536039352,0.0224609375,2.24609375,-0.08344727009534836,-0.004062367603182793,-0.0290408106685123,0.8711712199098923,0.7209218144416809,0.04890577122569084,0.8159412145614624,0.8715707063674927,0.9311025738716125,1.0107626914978027,0.039842794509374564,0.6559926416475473,737280.0001000001,2.0940219963298126,0.019199951743597492,0.15002297794117647,1.5461938535465913,0.00015784,1.3827065720277674,-0.0010749310357051995,0.00033508673566670416,0.0,0.022281622944466176,0.8807150784660788,0.0,1.2664952593691208,884.0,0.053446691176470586,4.0,3.0,0.0,0.0,0.053955078125,0.6148847937583923,0.7229226231575012,0.6099180579185486,,,,,0.0,0.2166748046875,0.2608642578125,0.24114990234375,0.28131103515625,194,0.5824742268041238,2.7061855670103094,2.350515463917526,0.3556701030927835,233,0.6223175965665236,2.7682403433476397,2.296137339055794,0.4721030042918455,211,0.6445497630331753,2.7630331753554502,2.2464454976303316,0.5165876777251185,246,0.6382113821138211,2.772357723577236,2.2439024390243905,0.5284552845528455,0.03188996762037277,0.6755801439285278,192.0,-0.02101396583020687,0.7642861008644104,230.0,0.026854850351810455,0.7296580672264099,212.0,-0.048753298819065094,0.7167664170265198,250.0
46,753664,40627,22804,12189,5634,0.5613015974598173,0.58,0.58,-0.004111132584512234,0.2899942100048065,0.10573103278875351,0.6498714089393616,887,542,225,120,0.6110484780157835,0.4746335963923337,2.726042841037204,2.2514092446448704,0.10260254144668579,0.04364013671875,0.01633300818502903,0.0009677134221419692,0.023502806201577187,0.02325439453125,2.325439453125,-0.08365479111671448,-0.004111132584512234,-0.01942443153462731,0.8734425040391776,0.7767701148986816,0.04607931151986122,0.8203513026237488,0.867068886756897,0.9325904846191406,1.0063624382019043,0.041275147515257966,0.6559305592375383,753664.0001000001,2.062122919009282,0.01634914439279013,0.13025841346153846,1.6253851569615878,0.000155792,1.3849546854312604,-1.3748908678435667e-05,7.832377241575508e-05,0.0,0.01112480666420257,0.8647624763158651,0.0,1.2847455043059128,887.0,0.054266826923076925,4.0,3.0,0.0,0.0,0.05413818359375,0.6156300902366638,0.7174959182739258,0.6109073162078857,,,,,0.0,0.23309326171875,0.228515625,0.2646484375,0.27374267578125,207,0.6231884057971014,2.710144927536232,2.2270531400966185,0.4830917874396135,202,0.5643564356435643,2.698019801980198,2.3366336633663365,0.3613861386138614,235,0.6340425531914894,2.774468085106383,2.2,0.574468085106383,243,0.6172839506172839,2.7160493827160495,2.251028806584362,0.46502057613168724,0.013684965670108795,0.7172895073890686,208.0,-0.054057903587818146,0.7313369512557983,203.0,0.010689702816307545,0.6996120810508728,236.0,-0.005429804790765047,0.7211716175079346,240.0
47,770048,41509,23354,12415,5740,0.562624972897444,0.5,0.61,-0.002948023146018386,0.2872563898563385,0.11742323637008667,0.6563727855682373,882,550,226,106,0.6235827664399093,0.4931972789115646,2.7346938775510203,2.241496598639456,0.09525173902511597,0.04558105394244194,0.01740722730755806,0.0009140853071585298,0.022736206650733948,0.0242919921875,2.42919921875,-0.08352050930261612,-0.002948023146018386,-0.024399547199782445,0.8968567717565249,0.7694569826126099,0.04577745869755745,0.8440106511116028,0.8943487405776978,0.9533708095550537,1.011873722076416,0.042895319618341796,0.6560320074347172,770048.0001000001,2.0236822709645312,0.01812033219205547,0.14156142979452055,1.6173043830754006,0.00015374399999999998,1.384876107516354,-0.0024631895476809914,0.00038530759560280974,0.0,0.022000092487843015,0.9291310383848947,0.0,1.3029874595877242,882.0,0.05393835616438356,4.0,3.0,0.0,0.0,0.0538330078125,0.6243304014205933,0.7291106581687927,0.6195261478424072,,,,,0.0,0.23822021484375,0.23736572265625,0.26104736328125,0.26336669921875,211,0.6255924170616114,2.7298578199052135,2.251184834123223,0.4786729857819905,210,0.6238095238095238,2.742857142857143,2.280952380952381,0.46190476190476193,230,0.6217391304347826,2.7130434782608694,2.265217391304348,0.44782608695652176,231,0.6233766233766234,2.7532467532467533,2.173160173160173,0.5800865800865801,0.0952095165848732,0.7708738446235657,208.0,0.07095996290445328,0.736260712146759,209.0,-0.0499124638736248,0.6896666884422302,230.0,0.009939481504261494,0.7487713098526001,235.0
48,786432,42392,23919,12634,5839,0.5642338177014531,0.46,0.63,-0.0013123492244631052,0.28835171461105347,0.14584815502166748,0.6648617386817932,883,565,219,99,0.6398640996602492,0.5334088335220838,2.742921857304643,2.2095130237825593,0.1156805157661438,0.04835205152630806,0.01940307766199112,0.0007808954687789083,0.022610601037740707,0.02685546875,2.685546875,-0.084228515625,-0.0013123492244631052,-0.025641642309523916,0.8955252001414428,0.7829164266586304,0.05248422548174858,0.8287827968597412,0.8958762884140015,0.9569486975669861,1.0528045892715454,0.04504017035563835,0.6563818966108534,786432.0001000001,1.9906540335835636,0.019076635066822573,0.14207664695945946,1.6108721269143593,0.000151696,1.3833843082995028,-0.00020634602186364291,7.357040901659864e-05,0.0,0.010918575403579212,0.9597478939874752,0.0,1.3021537975685016,881.0,0.05349978885135135,4.0,3.0,0.0,0.0,0.05377197265625,0.6252244114875793,0.7532774806022644,0.6191396117210388,,,,,0.0,0.24298095703125,0.24053955078125,0.25152587890625,0.26495361328125,214,0.6261682242990654,2.705607476635514,2.2616822429906542,0.4439252336448598,212,0.6179245283018868,2.7547169811320753,2.2122641509433962,0.5424528301886793,220,0.6318181818181818,2.731818181818182,2.213636363636364,0.5181818181818182,237,0.679324894514768,2.7763713080168775,2.1561181434599157,0.620253164556962,0.032152194529771805,0.7229310870170593,215.0,0.024693801999092102,0.7305827736854553,213.0,0.02399141900241375,0.757304847240448,220.0,0.08969548344612122,0.7614088654518127,233.0
49,802816,43272,24509,12819,5944,0.5663939730079497,0.6,0.695,0.0019028520910069346,0.2895866334438324,0.1806950569152832,0.6396140456199646,880,590,185,105,0.6704545454545454,0.6079545454545454,2.7818181818181817,2.1738636363636363,0.11501330137252808,0.05303955078125,0.02171020582318306,0.000903905660379678,0.022831115871667862,0.032958984375,3.2958984375,-0.08391113579273224,0.0019028520910069346,-0.009658521739766002,0.8317420132782148,0.7577083706855774,0.04470030218362808,0.7789970636367798,0.8266245722770691,0.8967779278755188,0.9492455124855042,0.04780863742793932,0.6563243057136308,802816.0001000001,1.977835035842398,0.012291976810007802,0.10886548913043478,1.6853103521077528,0.000149648,1.3831927905911985,-0.00017867518176133316,5.324429386632801e-05,0.0,0.008791534230028536,0.8361196634562119,0.0,1.2983019935048146,880.0,0.05366847826086957,4.0,0.0,0.0,0.0,0.0537109375,0.6017087697982788,0.7191822528839111,0.5962333679199219,,,,,0.0,0.260986328125,0.24371337890625,0.2366943359375,0.25860595703125,230,0.6608695652173913,2.773913043478261,2.1782608695652175,0.5956521739130435,212,0.6886792452830188,2.806603773584906,2.169811320754717,0.6367924528301887,210,0.6714285714285714,2.776190476190476,2.1523809523809523,0.6238095238095238,228,0.6622807017543859,2.7719298245614037,2.192982456140351,0.5789473684210527,0.04803638160228729,0.6912360191345215,230.0,0.10240975022315979,0.701409101486206,214.0,0.13086356222629547,0.7633716464042664,209.0,0.02702321857213974,0.7356954216957092,227.0
50,819200,44154,25094,13007,6053,0.5683290302124383,0.7,0.7,-0.0010049561969935894,0.28915226459503174,0.15246638655662537,0.6438814997673035,882,585,188,109,0.6632653061224489,0.5952380952380952,2.7789115646258504,2.183673469387755,0.10187685489654541,0.05195312574505806,0.01887207105755806,0.0008915272774174809,0.022444456815719604,0.02691650390625,2.691650390625,-0.08494873344898224,-0.0010049561969935894,-0.01908294090460385,0.8588645160198212,0.7524138689041138,0.049849916249513626,0.7872191667556763,0.8618219494819641,0.9171769618988037,0.9935716390609741,0.04990179241025752,0.6562413527659802,819200.0001000001,1.9332222438627673,0.015713004468594707,0.12462197580645161,1.662923901311813,0.0001476,1.3842913354596784,-0.0012845952035076475,0.0002966632412556963,0.0,0.021323515344781576,0.8654525904886184,0.0,1.2999284627937502,883.0,0.05412046370967742,4.0,3.0,0.0,0.0,0.05389404296875,0.6102023720741272,0.7157696485519409,0.6053332686424255,,,,,0.0,0.264404296875,0.2427978515625,0.2275390625,0.2652587890625,235,0.6170212765957447,2.727659574468085,2.2382978723404254,0.48936170212765956,216,0.6388888888888888,2.7824074074074074,2.2175925925925926,0.5648148148148148,201,0.7114427860696517,2.7960199004975124,2.129353233830846,0.6666666666666666,230,0.691304347826087,2.8130434782608695,2.143478260869565,0.6695652173913044,-0.047478970140218735,0.7314412593841553,236.0,-0.068978451192379,0.7365943789482117,214.0,0.050762079656124115,0.6749338507652283,200.0,0.0706901103258133,0.7281365394592285,233.0
51,835584,45033,25687,13184,6162,0.570403926009815,0.62,0.615,0.0035373219288885593,0.28782692551612854,0.1934507191181183,0.6413171291351318,879,593,177,109,0.6746302616609784,0.608646188850967,2.789533560864619,2.1808873720136517,0.09686148166656494,0.05360107496380806,0.02376709133386612,0.0007861789781600237,0.022566527128219604,0.03564453125,3.564453125,-0.08436279743909836,0.0035373219288885593,-0.02253317036731562,0.8537779274121137,0.7623341083526611,0.04341557249426842,0.7998844981193542,0.8522053956985474,0.9146722555160522,0.9496790170669556,0.0527164772473297,0.6562538600259185,835584.0001000001,1.9013625181896585,0.01729684437192242,0.1347931338028169,1.804145076744993,0.00014555200000000002,1.3844949779376177,-5.129282885398322e-05,0.00010333001603197784,0.0,0.011895687426602353,0.9154878858949097,0.0,1.4839761786057915,880.0,0.054192341549295774,4.0,3.0,0.0,0.0,0.0537109375,0.6094667911529541,0.7507280707359314,0.6029409170150757,,,,,0.0,0.23223876953125,0.23248291015625,0.2568359375,0.2784423828125,204,0.7156862745098039,2.799019607843137,2.1470588235294117,0.6519607843137255,204,0.6666666666666666,2.803921568627451,2.1911764705882355,0.6127450980392157,225,0.6622222222222223,2.7777777777777777,2.1822222222222223,0.5955555555555555,246,0.6585365853658537,2.7804878048780486,2.1991869918699187,0.5813008130081301,0.08574199676513672,0.7546354532241821,203.0,0.13621218502521515,0.6920847296714783,203.0,0.039196889847517014,0.7292660474777222,229.0,0.06872900575399399,0.7739235758781433,245.0
52,851968,45919,26269,13376,6274,0.5720725625558047,0.6,0.655,-1.8204154912382364e-05,0.28812509775161743,0.16750074923038483,0.6435026526451111,886,582,192,112,0.6568848758465011,0.5756207674943566,2.7765237020316027,2.200902934537246,0.09572166204452515,0.05112304538488388,0.01948852464556694,0.0009183987276628613,0.02221221849322319,0.02850341796875,2.850341796875,-0.08408203721046448,-1.8204154912382364e-05,-0.027495086916823345,0.8619976941361485,0.7523269057273865,0.05308351665735245,0.8034298419952393,0.8491134643554688,0.931796133518219,1.015485167503357,0.05492386709289859,0.6562003577442042,851968.0001000001,1.870564450700599,0.02044263335312324,0.1510730421686747,1.6532622511128345,0.00014350400000000003,1.3851428204272167,-0.0002153463255163707,0.00018360604042282988,0.0,0.01596483030611314,0.8598276121788714,0.0,1.3503812163709157,885.0,0.05355798192771084,4.0,3.0,0.0,0.0,0.05401611328125,0.6119295358657837,0.7127429246902466,0.6072507500648499,,,,,0.0,0.24798583984375,0.24176025390625,0.23992919921875,0.27032470703125,219,0.6484018264840182,2.780821917808219,2.2009132420091326,0.5799086757990868,214,0.6495327102803738,2.7710280373831777,2.196261682242991,0.5747663551401869,214,0.6728971962616822,2.7616822429906542,2.2196261682242993,0.5420560747663551,239,0.6569037656903766,2.790794979079498,2.188284518828452,0.602510460251046,0.01145392656326294,0.6601073145866394,219.0,-0.01143963448703289,0.699846088886261,216.0,0.009354130364954472,0.6868985891342163,211.0,-0.025981055572628975,0.749501645565033,239.0
