episode_id,run_id,run_pid,timesteps,policy_update,rollout_step,latent_z,curriculum_phase,mode,map_set,map_layout,map_id,map_vertical_mirror,opponent,opponent_id,success,blue_score,red_score,win_margin,decision_steps,zone_coverage,collision_free_episode,collision_events_per_episode,obstacle_collision_events_per_episode,near_misses_per_episode,blue_route_upper_crossings,blue_route_lower_crossings,red_route_upper_crossings,red_route_lower_crossings,blue_attack_upper_crossings,blue_attack_lower_crossings,blue_return_upper_crossings,blue_return_lower_crossings,blue_intercept_upper_crossings,blue_intercept_lower_crossings,red_attack_upper_crossings,red_attack_lower_crossings,red_return_upper_crossings,red_return_lower_crossings,red_intercept_upper_crossings,red_intercept_lower_crossings,time_to_first_score,mean_inter_robot_dist,reward_terminal,reward_offense,reward_pbrs,reward_team,reward_sparse,reward_sparse_points,reward_failure,reward_total
1,30264-1785293974383865100,30264,1264,0,79,,OP3,FIXED_OPPONENT,train,map_a_open,-1,0,SCRIPTED:OP6,5,1,3,2,1,79,0.5999999642372131,1,0,0,9,0,0,0,0,0,0,0,0,0,0,0,0,0,0,0,0,30.0,6.566586265081091,1.0,0.5,-0.010285958647727966,0.0,1.0,100.0,0.0,0.5541543960571289
2,30264-1785293974383865100,30264,1344,0,84,,OP3,FIXED_OPPONENT,train,map_a_open,-1,0,SCRIPTED:OP6,5,1,3,2,1,84,0.6800000071525574,1,0,0,12,0,0,0,0,0,0,0,0,0,0,0,0,0,0,0,0,38.0,7.447801862444196,1.0,0.5,0.0009561330080032349,0.0,1.0,100.0,0.0,0.55464106798172
3,30264-1785293974383865100,30264,1344,0,84,,OP3,FIXED_OPPONENT,train,map_a_open,-1,0,SCRIPTED:OP6,5,1,3,2,1,84,0.47999998927116394,1,0,0,5,0,0,0,0,0,0,0,0,0,0,0,0,0,0,0,0,36.0,8.286265781947545,1.0,0.5,-0.00829625129699707,0.0,1.0,100.0,0.0,0.5542406439781189
4,30264-1785293974383865100,30264,1360,0,85,,OP3,FIXED_OPPONENT,train,map_a_open,-1,0,SCRIPTED:OP6,5,1,3,2,1,85,0.6399999856948853,1,0,0,9,0,0,0,0,0,0,0,0,0,0,0,0,0,0,0,0,32.0,6.799602912454044,1.0,0.5,-0.030248567461967468,0.029999999329447746,1.0,100.0,0.0,0.554589033126831
5,30264-1785293974383865100,30264,1472,0,92,,OP3,FIXED_OPPONENT,train,map_a_open,-1,0,SCRIPTED:OP6,5,1,3,2,1,92,0.47999998927116394,1,0,0,8,0,0,0,0,0,0,0,0,0,0,0,0,0,0,0,0,26.0,7.447064607039742,1.0,0.5,-0.0037723034620285034,0.029999999329447746,1.0,100.0,0.0,0.5557337999343872
6,30264-1785293974383865100,30264,1520,0,95,,OP3,FIXED_OPPONENT,train,map_a_open,-1,0,SCRIPTED:OP6,5,0,2,3,-1,95,0.5999999642372131,1,0,0,7,0,0,0,0,0,0,0,0,0,0,0,0,0,0,0,0,29.0,7.857998817845394,-1.0,-0.5,0.017262905836105347,0.0,-1.0,-100.0,0.0,-0.5538522005081177
7,30264-1785293974383865100,30264,1536,0,96,,OP3,FIXED_OPPONENT,train,map_a_open,-1,0,SCRIPTED:OP6,5,0,2,3,-1,96,0.5999999642372131,1,0,0,4,0,0,0,0,0,0,0,0,0,0,0,0,0,0,0,0,29.0,7.097094217936198,-1.0,-0.5,0.01729048788547516,0.0,-1.0,-100.0,0.0,-0.5538510084152222
8,30264-1785293974383865100,30264,1536,0,96,,OP3,FIXED_OPPONENT,train,map_a_open,-1,0,SCRIPTED:OP6,5,0,2,3,-1,96,0.47999998927116394,1,0,0,5,0,0,0,0,0,0,0,0,0,0,0,0,0,0,0,0,27.0,6.66481335957845,-1.0,-0.5,0.011852681636810303,0.019999999552965164,-1.0,-100.0,0.0,-0.5532197952270508
9,30264-1785293974383865100,30264,1600,0,100,,OP3,FIXED_OPPONENT,train,map_a_open,-1,0,SCRIPTED:OP6,5,0,1,3,-2,100,0.5999999642372131,1,0,0,5,0,0,0,0,0,0,0,0,0,0,0,0,0,0,0,0,33.0,7.108499145507812,-1.0,-0.5,0.014954537153244019,0.0,-1.0,-100.0,-0.20000000298023224,-0.5876476764678955
10,30264-1785293974383865100,30264,1616,0,101,,OP3,FIXED_OPPONENT,train,map_a_open,-1,0,SCRIPTED:OP6,5,1,3,2,1,101,0.6800000071525574,0,1,0,21,0,0,0,0,0,0,0,0,0,0,0,0,0,0,0,0,37.0,5.3175109258972775,1.0,0.5,-0.002985656261444092,0.014999999664723873,1.0,100.0,0.0,0.5551194548606873
11,30264-1785293974383865100,30264,1632,0,102,,OP3,FIXED_OPPONENT,train,map_a_open,-1,0,SCRIPTED:OP6,5,0,1,3,-2,102,0.5999999642372131,1,0,0,4,0,0,0,0,0,0,0,0,0,0,0,0,0,0,0,0,35.0,6.616263595281863,-1.0,-0.5,0.016199439764022827,0.019999999552965164,-1.0,-100.0,-0.20000000298023224,-0.5867778062820435
12,30264-1785293974383865100,30264,1632,0,102,,OP3,FIXED_OPPONENT,train,map_a_open,-1,0,SCRIPTED:OP6,5,0,2,3,-1,102,0.6399999856948853,1,0,0,7,0,0,0,0,0,0,0,0,0,0,0,0,0,0,0,0,30.0,6.6989159677542895,-1.0,-0.5,0.00981844961643219,0.019999999552965164,-1.0,-100.0,0.0,-0.5533080101013184
13,30264-1785293974383865100,30264,1664,0,104,,OP3,FIXED_OPPONENT,train,map_a_open,-1,0,SCRIPTED:OP6,5,0,2,3,-1,104,0.5999999642372131,1,0,0,3,0,0,0,0,0,0,0,0,0,0,0,0,0,0,0,0,36.0,7.5187237079326925,-1.0,-0.5,0.004530966281890869,0.019999999552965164,-1.0,-100.0,0.0,-0.5535372495651245
14,30264-1785293974383865100,30264,1680,0,105,,OP3,FIXED_OPPONENT,train,map_a_open,-1,0,SCRIPTED:OP6,5,0,2,3,-1,105,0.7999999523162842,1,0,0,5,0,0,0,0,0,0,0,0,0,0,0,0,0,0,0,0,36.0,7.791192336309524,-1.0,0.0,-0.0033549070358276367,0.0,0.0,0.0,0.0,-0.2451157569885254
15,30264-1785293974383865100,30264,1696,0,106,,OP3,FIXED_OPPONENT,train,map_a_open,-1,0,SCRIPTED:OP6,5,0,2,3,-1,106,0.6399999856948853,0,1,0,19,0,0,0,0,0,0,0,0,0,0,0,0,0,0,0,0,38.0,6.187637041199882,-1.0,-0.5,0.017459839582443237,0.0,-1.0,-100.0,0.0,-0.5538436770439148
16,30264-1785293974383865100,30264,1760,0,110,,OP3,FIXED_OPPONENT,train,map_a_open,-1,0,SCRIPTED:OP6,5,0,2,3,-1,110,0.5199999809265137,1,0,0,7,0,0,0,0,0,0,0,0,0,0,0,0,0,0,0,0,35.0,6.1308072176846595,-1.0,-0.5,0.015470489859580994,0.019999999552965164,-1.0,-100.0,-0.20000000298023224,-0.5868076682090759
17,30264-1785293974383865100,30264,2848,0,178,,OP3,FIXED_OPPONENT,train,map_a_open,-1,0,SCRIPTED:OP6,5,0,2,3,-1,99,0.5600000023841858,1,0,0,9,0,0,0,0,0,0,0,0,0,0,0,0,0,0,0,0,32.0,6.604592679726957,-1.0,-0.5,0.008363842964172363,0.019999999552965164,-1.0,-100.0,0.0,-0.5533710718154907
18,30264-1785293974383865100,30264,2896,0,181,,OP3,FIXED_OPPONENT,train,map_a_open,-1,0,SCRIPTED:OP6,5,1,3,2,1,97,0.5199999809265137,1,0,0,2,0,0,0,0,0,0,0,0,0,0,0,0,0,0,0,0,34.0,7.977155233166881,1.0,0.5,-0.03654074668884277,0.029999999329447746,1.0,100.0,0.0,0.5543166399002075
19,30264-1785293974383865100,30264,2896,0,181,,OP3,FIXED_OPPONENT,train,map_a_open,-1,0,SCRIPTED:OP6,5,1,3,2,1,76,0.5600000023841858,1,0,0,6,0,0,0,0,0,0,0,0,0,0,0,0,0,0,0,0,35.0,7.021200882761102,1.0,0.5,0.005832761526107788,0.0,1.0,100.0,0.0,0.5548520684242249
20,30264-1785293974383865100,30264,2960,0,185,,OP3,FIXED_OPPONENT,train,map_a_open,-1,0,SCRIPTED:OP6,5,0,2,3,-1,101,0.5999999642372131,1,0,0,5,0,0,0,0,0,0,0,0,0,0,0,0,0,0,0,0,33.0,6.922862440052599,-1.0,-0.5,0.01723340153694153,0.0,-1.0,-100.0,-0.20000000298023224,-0.5875544548034668
21,30264-1785293974383865100,30264,2976,0,186,,OP3,FIXED_OPPONENT,train,map_a_open,-1,0,SCRIPTED:OP6,5,1,3,2,1,86,0.7999999523162842,1,0,0,3,0,0,0,0,0,0,0,0,0,0,0,0,0,0,0,0,31.0,7.968688255132631,1.0,0.5,-0.03613041341304779,0.029999999329447746,1.0,100.0,0.0,0.5543344020843506
22,30264-1785293974383865100,30264,2992,0,187,,OP3,FIXED_OPPONENT,train,map_a_open,-1,0,SCRIPTED:OP6,5,1,3,2,1,91,0.5199999809265137,1,0,0,4,0,0,0,0,0,0,0,0,0,0,0,0,0,0,0,0,31.0,7.2769788804945055,1.0,0.5,-0.03239560127258301,0.029999999329447746,1.0,100.0,0.0,0.5544960498809814
23,30264-1785293974383865100,30264,3024,0,189,,OP3,FIXED_OPPONENT,train,map_a_open,-1,0,SCRIPTED:OP6,5,0,2,3,-1,104,0.5600000023841858,1,0,0,6,0,0,0,0,0,0,0,0,0,0,0,0,0,0,0,0,38.0,7.629787738506611,-1.0,-0.5,0.016953393816947937,0.019999999552965164,-1.0,-100.0,-0.20000000298023224,-0.5867468118667603
24,30264-1785293974383865100,30264,3040,0,190,,OP3,FIXED_OPPONENT,train,map_a_open,-1,0,SCRIPTED:OP6,5,1,3,2,1,89,0.5600000023841858,1,0,0,9,0,0,0,0,0,0,0,0,0,0,0,0,0,0,0,0,33.0,7.36011016502809,1.0,0.5,-0.035479769110679626,0.029999999329447746,1.0,100.0,-0.20000000298023224,0.5187715291976929
25,30264-1785293974383865100,30264,3072,0,192,,OP3,FIXED_OPPONENT,train,map_a_open,-1,0,SCRIPTED:OP6,5,1,3,2,1,100,0.4399999976158142,1,0,0,16,0,0,0,0,0,0,0,0,0,0,0,0,0,0,0,0,29.0,6.273991088867188,1.0,0.5,-0.011020153760910034,0.02499999850988388,1.0,100.0,0.0,0.5552043914794922
26,30264-1785293974383865100,30264,3104,0,194,,OP3,FIXED_OPPONENT,train,map_a_open,-1,0,SCRIPTED:OP6,5,1,3,2,1,99,0.6800000071525574,1,0,0,6,0,0,0,0,0,0,0,0,0,0,0,0,0,0,0,0,29.0,7.475948449337121,1.0,0.5,-0.025208890438079834,0.02499999850988388,1.0,100.0,0.0,0.5545907020568848
27,30264-1785293974383865100,30264,3136,0,196,,OP3,FIXED_OPPONENT,train,map_a_open,-1,0,SCRIPTED:OP6,5,1,3,2,1,94,0.5600000023841858,1,0,0,10,0,0,0,0,0,0,0,0,0,0,0,0,0,0,0,0,29.0,6.900087397149268,1.0,0.5,0.007050082087516785,0.014999999664723873,1.0,100.0,0.0,0.5555531978607178
28,30264-1785293974383865100,30264,3248,0,203,,OP3,FIXED_OPPONENT,train,map_a_open,-1,0,SCRIPTED:OP6,5,1,3,2,1,107,0.6399999856948853,1,0,0,17,0,0,0,0,0,0,0,0,0,0,0,0,0,0,0,0,40.0,6.8494382483936915,1.0,0.5,-0.0032644569873809814,0.029999999329447746,1.0,100.0,0.0,0.5557556748390198
29,30264-1785293974383865100,30264,3264,0,204,,OP3,FIXED_OPPONENT,train,map_a_open,-1,0,SCRIPTED:OP6,5,0,2,3,-1,98,0.5600000023841858,1,0,0,5,0,0,0,0,0,0,0,0,0,0,0,0,0,0,0,0,28.0,7.487577477279975,-1.0,-0.5,0.015970706939697266,0.0,-1.0,-100.0,0.0,-0.5539082288742065
30,30264-1785293974383865100,30264,3264,0,204,,OP3,FIXED_OPPONENT,train,map_a_open,-1,0,SCRIPTED:OP6,5,1,3,2,1,100,0.5600000023841858,1,0,0,17,0,0,0,0,0,0,0,0,0,0,0,0,0,0,0,0,35.0,6.983053588867188,1.0,0.5,-0.03290833532810211,0.029999999329447746,1.0,100.0,-0.20000000298023224,0.5188890099525452
31,30264-1785293974383865100,30264,3376,0,211,,OP3,FIXED_OPPONENT,train,map_a_open,-1,0,SCRIPTED:OP6,5,0,2,3,-1,109,0.6800000071525574,1,0,0,9,0,0,0,0,0,0,0,0,0,0,0,0,0,0,0,0,32.0,6.813227382274943,-1.0,-0.5,0.013221219182014465,0.0,-1.0,-100.0,0.0,-0.554027259349823
32,30264-1785293974383865100,30264,3472,0,217,,OP3,FIXED_OPPONENT,train,map_a_open,-1,0,SCRIPTED:OP6,5,0,2,3,-1,107,0.5999999642372131,1,0,0,12,0,0,0,0,0,0,0,0,0,0,0,0,0,0,0,0,30.0,6.81044705114632,-1.0,-0.5,0.015434443950653076,0.019999999552965164,-1.0,-100.0,0.0,-0.5530643463134766
33,30264-1785293974383865100,30264,4288,0,268,,OP3,FIXED_OPPONENT,train,map_a_open,-1,0,SCRIPTED:OP6,5,1,3,2,1,82,0.5600000023841858,1,0,0,3,0,0,0,0,0,0,0,0,0,0,0,0,0,0,0,0,28.0,7.7896974144912345,1.0,0.5,0.00016194581985473633,0.0,1.0,100.0,-0.20000000298023224,0.5190292000770569
34,30264-1785293974383865100,30264,4304,0,269,,OP3,FIXED_OPPONENT,train,map_a_open,-1,0,SCRIPTED:OP6,5,1,3,2,1,75,0.4399999976158142,1,0,0,7,0,0,0,0,0,0,0,0,0,0,0,0,0,0,0,0,30.0,6.916263834635417,1.0,0.5,-0.009666413068771362,0.0,1.0,100.0,-0.20000000298023224,0.5185802578926086
35,30264-1785293974383865100,30264,4384,0,274,,OP3,FIXED_OPPONENT,train,map_a_open,-1,0,SCRIPTED:OP6,5,1,3,2,1,87,0.5999999642372131,1,0,0,6,0,0,0,0,0,0,0,0,0,0,0,0,0,0,0,0,41.0,7.100670123922414,1.0,0.5,-0.0015897154808044434,0.0,1.0,100.0,0.0,0.5545309782028198
36,30264-1785293974383865100,30264,4432,0,277,,OP3,FIXED_OPPONENT,train,map_a_open,-1,0,SCRIPTED:OP6,5,1,3,2,1,85,0.5199999809265137,1,0,0,6,0,0,0,0,0,0,0,0,0,0,0,0,0,0,0,0,34.0,6.903669289981617,1.0,0.5,-0.012674212455749512,0.03999999910593033,1.0,100.0,-0.20000000298023224,0.5202684998512268
37,30264-1785293974383865100,30264,4528,0,283,,OP3,FIXED_OPPONENT,train,map_a_open,-1,0,SCRIPTED:OP6,5,1,3,2,1,105,0.5600000023841858,1,0,0,14,0,0,0,0,0,0,0,0,0,0,0,0,0,0,0,0,36.0,6.573301478794643,1.0,0.5,-0.03399883210659027,0.029999999329447746,1.0,100.0,0.0,0.5544266700744629
38,30264-1785293974383865100,30264,4544,0,284,,OP3,FIXED_OPPONENT,train,map_a_open,-1,0,SCRIPTED:OP6,5,1,3,2,1,103,0.5999999642372131,1,0,0,13,0,0,0,0,0,0,0,0,0,0,0,0,0,0,0,0,33.0,6.548543689320389,1.0,0.5,-0.009884506464004517,0.02499999850988388,1.0,100.0,0.0,0.5552535653114319
39,30264-1785293974383865100,30264,4576,0,286,,OP3,FIXED_OPPONENT,train,map_a_open,-1,0,SCRIPTED:OP6,5,0,2,3,-1,101,0.47999998927116394,1,0,0,13,0,0,0,0,0,0,0,0,0,0,0,0,0,0,0,0,33.0,6.460286659769492,-1.0,-0.699999988079071,-0.008561104536056519,0.0,-1.0,-100.0,-0.20000000298023224,-0.6203261613845825
40,30264-1785293974383865100,30264,4576,0,286,,OP3,FIXED_OPPONENT,train,map_a_open,-1,0,SCRIPTED:OP6,5,1,3,2,1,96,0.5199999809265137,1,0,0,16,0,0,0,0,0,0,0,0,0,0,0,0,0,0,0,0,37.0,6.661618550618489,1.0,0.5,-0.024159133434295654,0.04999999701976776,1.0,100.0,0.0,0.5557169914245605
41,30264-1785293974383865100,30264,4592,0,287,,OP3,FIXED_OPPONENT,train,map_a_open,-1,0,SCRIPTED:OP6,5,1,3,2,1,91,0.5199999809265137,1,0,0,6,0,0,0,0,0,0,0,0,0,0,0,0,0,0,0,0,34.0,7.1832261976304945,1.0,0.5,-0.013908758759498596,0.02499999850988388,1.0,100.0,0.0,0.5550795197486877
42,30264-1785293974383865100,30264,4688,0,293,,OP3,FIXED_OPPONENT,train,map_a_open,-1,0,SCRIPTED:OP6,5,0,1,3,-2,112,0.6399999856948853,1,0,0,10,0,0,0,0,0,0,0,0,0,0,0,0,0,0,0,0,30.0,6.8220688956124445,-1.0,-0.5,0.005941480398178101,0.019999999552965164,-1.0,-100.0,-0.20000000298023224,-0.58719801902771
43,30264-1785293974383865100,30264,4688,0,293,,OP3,FIXED_OPPONENT,train,map_a_open,-1,0,SCRIPTED:OP6,5,0,2,3,-1,104,0.5600000023841858,1,0,0,8,0,0,0,0,0,0,0,0,0,0,0,0,0,0,0,0,32.0,6.642679654634916,-1.0,-0.5,-0.002972811460494995,0.0,-1.0,-100.0,-0.20000000298023224,-0.588380753993988
44,30264-1785293974383865100,30264,4704,0,294,,OP3,FIXED_OPPONENT,train,map_a_open,-1,0,SCRIPTED:OP6,5,1,3,2,1,90,0.47999998927116394,1,0,0,4,0,0,0,0,0,0,0,0,0,0,0,0,0,0,0,0,29.0,7.847158474392361,1.0,0.5,-0.03587143123149872,0.014999999664723873,1.0,100.0,0.0,0.553695797920227
45,30264-1785293974383865100,30264,4736,0,296,,OP3,FIXED_OPPONENT,train,map_a_open,-1,0,SCRIPTED:OP6,5,1,3,2,1,92,0.5600000023841858,1,0,0,2,0,0,0,0,0,0,0,0,0,0,0,0,0,0,0,0,28.0,7.5742320185122285,1.0,0.5,-0.003961026668548584,0.014999999664723873,1.0,100.0,-0.20000000298023224,0.5195257067680359
46,30264-1785293974383865100,30264,4896,0,306,,OP3,FIXED_OPPONENT,train,map_a_open,-1,0,SCRIPTED:OP6,5,0,2,3,-1,103,0.5999999642372131,1,0,0,16,0,0,0,0,0,0,0,0,0,0,0,0,0,0,0,0,35.0,6.252459183479976,-1.0,-0.5,-0.001979827880859375,0.0,-1.0,-100.0,-0.20000000298023224,-0.588340163230896
47,30264-1785293974383865100,30264,4960,0,310,,OP3,FIXED_OPPONENT,train,map_a_open,-1,0,SCRIPTED:OP6,5,1,3,2,1,99,0.6399999856948853,1,0,0,11,0,0,0,0,0,0,0,0,0,0,0,0,0,0,0,0,37.0,7.011906787602588,1.0,0.5,-0.0016706287860870361,0.04999999701976776,1.0,100.0,-0.20000000298023224,0.5212252140045166
48,30264-1785293974383865100,30264,5056,0,316,,OP3,FIXED_OPPONENT,train,map_a_open,-1,0,SCRIPTED:OP6,5,1,3,2,1,99,0.5999999642372131,1,0,0,4,0,0,0,0,0,0,0,0,0,0,0,0,0,0,0,0,27.0,7.361648713699495,1.0,0.5,-0.02052369713783264,0.029999999329447746,1.0,100.0,0.0,0.555009663105011
49,30264-1785293974383865100,30264,5776,0,361,,OP3,FIXED_OPPONENT,train,map_a_open,-1,0,SCRIPTED:OP6,5,1,3,2,1,93,0.47999998927116394,1,0,0,3,0,0,0,0,0,0,0,0,0,0,0,0,0,0,0,0,32.0,8.00425539734543,1.0,0.5,-0.031791895627975464,0.029999999329447746,1.0,100.0,0.0,0.5545221567153931
50,30264-1785293974383865100,30264,5808,0,363,,OP3,FIXED_OPPONENT,train,map_a_open,-1,0,SCRIPTED:OP6,5,0,3,3,0,94,0.7199999690055847,1,0,0,6,0,0,0,0,0,0,0,0,0,0,0,0,0,0,0,0,29.0,7.570167054521277,-0.5,0.0,0.00626508891582489,0.0,0.0,0.0,-0.20000000298023224,-0.17285531759262085
51,30264-1785293974383865100,30264,5824,0,364,,OP3,FIXED_OPPONENT,train,map_a_open,-1,0,SCRIPTED:OP6,5,1,3,2,1,80,0.4399999976158142,1,0,0,6,0,0,0,0,0,0,0,0,0,0,0,0,0,0,0,0,31.0,6.423685455322266,1.0,0.5,-0.010144442319869995,0.0,1.0,100.0,0.0,0.5541605949401855
52,30264-1785293974383865100,30264,5840,0,365,,OP3,FIXED_OPPONENT,train,map_a_open,-1,0,SCRIPTED:OP6,5,1,3,2,1,78,0.4399999976158142,1,0,0,8,0,0,0,0,0,0,0,0,0,0,0,0,0,0,0,0,31.0,6.5157294640174275,1.0,0.5,-0.005899384617805481,0.0,1.0,100.0,0.0,0.5543444156646729
53,30264-1785293974383865100,30264,5920,0,370,,OP3,FIXED_OPPONENT,train,map_a_open,-1,0,SCRIPTED:OP6,5,1,3,2,1,96,0.6800000071525574,1,0,0,5,0,0,0,0,0,0,0,0,0,0,0,0,0,0,0,0,35.0,7.751808166503906,1.0,0.5,-0.014702707529067993,0.014999999664723873,1.0,100.0,0.0,0.5546126365661621
54,30264-1785293974383865100,30264,6032,0,377,,OP3,FIXED_OPPONENT,train,map_a_open,-1,0,SCRIPTED:OP6,5,1,3,2,1,100,0.6800000071525574,1,0,0,11,0,0,0,0,0,0,0,0,0,0,0,0,0,0,0,0,32.0,7.41237060546875,1.0,0.5,-0.027925431728363037,0.029999999329447746,1.0,100.0,0.0,0.5546895265579224
55,30264-1785293974383865100,30264,6080,0,380,,OP3,FIXED_OPPONENT,train,map_a_open,-1,0,SCRIPTED:OP6,5,1,3,2,1,86,0.5199999809265137,1,0,0,8,0,0,0,0,0,0,0,0,0,0,0,0,0,0,0,0,29.0,6.520138762718023,1.0,0.5,-0.026723220944404602,0.03999999910593033,1.0,100.0,-0.20000000298023224,0.5196277499198914
56,30264-1785293974383865100,30264,6144,0,384,,OP3,FIXED_OPPONENT,train,map_a_open,-1,0,SCRIPTED:OP6,5,1,3,2,1,91,0.5600000023841858,1,0,0,5,0,0,0,0,0,0,0,0,0,0,0,0,0,0,0,0,31.0,7.304664695655907,1.0,0.5,-0.03202301263809204,0.014999999664723873,1.0,100.0,-0.20000000298023224,0.5182440280914307
57,30264-1785293974383865100,30264,6144,0,384,,OP3,FIXED_OPPONENT,train,map_a_open,-1,0,SCRIPTED:OP6,5,0,2,3,-1,101,0.5600000023841858,1,0,0,8,0,0,0,0,0,0,0,0,0,0,0,0,0,0,0,0,32.0,7.130833994043936,-1.0,-0.5,0.00356842577457428,0.019999999552965164,-1.0,-100.0,-0.20000000298023224,-0.5872951745986938
58,30264-1785293974383865100,30264,6176,0,386,,OP3,FIXED_OPPONENT,train,map_a_open,-1,0,SCRIPTED:OP6,5,1,3,2,1,76,0.4399999976158142,1,0,0,4,0,0,0,0,0,0,0,0,0,0,0,0,0,0,0,0,29.0,7.212606329666941,1.0,0.5,-0.009944722056388855,0.0,1.0,100.0,0.0,0.5541691780090332
59,30264-1785293974383865100,30264,6272,0,392,,OP3,FIXED_OPPONENT,train,map_a_open,-1,0,SCRIPTED:OP6,5,0,2,3,-1,106,0.6800000071525574,1,0,0,10,0,0,0,0,0,0,0,0,0,0,0,0,0,0,0,0,35.0,7.107837605026533,-1.0,-0.5,-0.010060042142868042,0.0,-1.0,-100.0,0.0,-0.5550349354743958
60,30264-1785293974383865100,30264,6288,0,393,,OP3,FIXED_OPPONENT,train,map_a_open,-1,0,SCRIPTED:OP6,5,1,3,2,1,87,0.47999998927116394,1,0,0,6,0,0,0,0,0,0,0,0,0,0,0,0,0,0,0,0,36.0,6.922046880612428,1.0,0.4000000059604645,-0.005916327238082886,0.02499999850988388,1.0,100.0,-0.20000000298023224,0.5014135241508484
61,30264-1785293974383865100,30264,6336,0,396,,OP3,FIXED_OPPONENT,train,map_a_open,-1,0,SCRIPTED:OP6,5,0,1,3,-2,110,0.6800000071525574,1,0,0,12,0,0,0,0,0,0,0,0,0,0,0,0,0,0,0,0,30.0,7.724638227982955,-1.0,-0.5,0.012612208724021912,0.019999999552965164,-1.0,-100.0,-0.20000000298023224,-0.58692467212677
62,30264-1785293974383865100,30264,6448,0,403,,OP3,FIXED_OPPONENT,train,map_a_open,-1,0,SCRIPTED:OP6,5,0,2,3,-1,110,0.8799999952316284,1,0,0,17,0,0,0,0,0,0,0,0,0,0,0,0,0,0,0,0,39.0,6.155853271484375,-1.0,-0.5,0.004537314176559448,0.019999999552965164,-1.0,-100.0,0.0,-0.5535370111465454
63,30264-1785293974383865100,30264,6496,0,406,,OP3,FIXED_OPPONENT,train,map_a_open,-1,0,SCRIPTED:OP6,5,1,3,2,1,110,0.3999999761581421,1,0,0,12,0,0,0,0,0,0,0,0,0,0,0,0,0,0,0,0,37.0,6.994991787997159,1.0,0.5,-0.03510834276676178,0.029999999329447746,1.0,100.0,0.0,0.5543786287307739
64,30264-1785293974383865100,30264,6864,0,429,,OP3,FIXED_OPPONENT,train,map_a_open,-1,0,SCRIPTED:OP6,5,0,2,3,-1,113,0.5999999642372131,1,0,0,15,0,0,0,0,0,0,0,0,0,0,0,0,0,0,0,0,41.0,5.979824910121682,-1.0,-0.5,0.0021130144596099854,0.019999999552965164,-1.0,-100.0,0.0,-0.5536420345306396
65,30264-1785293974383865100,30264,7072,0,442,,OP3,FIXED_OPPONENT,train,map_a_open,-1,0,SCRIPTED:OP6,5,1,3,2,1,81,0.47999998927116394,1,0,0,8,0,0,0,0,0,0,0,0,0,0,0,0,0,0,0,0,27.0,6.040133629316165,1.0,0.5,-0.015589803457260132,0.029999999329447746,1.0,100.0,-0.20000000298023224,0.5196794867515564
66,30264-1785293974383865100,30264,7184,0,449,,OP3,FIXED_OPPONENT,train,map_a_open,-1,0,SCRIPTED:OP6,5,1,3,2,1,85,0.5999999642372131,1,0,0,6,0,0,0,0,0,0,0,0,0,0,0,0,0,0,0,0,30.0,7.3407923081341915,1.0,0.5,-0.012438982725143433,0.03999999910593033,1.0,100.0,0.0,0.5557913780212402
67,30264-1785293974383865100,30264,7184,0,449,,OP3,FIXED_OPPONENT,train,map_a_open,-1,0,SCRIPTED:OP6,5,1,3,2,1,84,0.47999998927116394,1,0,0,6,0,0,0,0,0,0,0,0,0,0,0,0,0,0,0,0,30.0,6.706452142624628,1.0,0.5,-0.010184481739997864,0.0,1.0,100.0,0.0,0.5541588664054871
68,30264-1785293974383865100,30264,7472,0,467,,OP3,FIXED_OPPONENT,train,map_a_open,-1,0,SCRIPTED:OP6,5,0,2,3,-1,104,0.5199999809265137,1,0,0,4,0,0,0,0,0,0,0,0,0,0,0,0,0,0,0,0,31.0,7.103658822866587,-1.0,-0.4000000059604645,0.008287608623504639,0.019999999552965164,-1.0,-100.0,0.0,-0.5357903838157654
69,30264-1785293974383865100,30264,7472,0,467,,OP3,FIXED_OPPONENT,train,map_a_open,-1,0,SCRIPTED:OP6,5,1,3,2,1,90,0.5199999809265137,1,0,0,8,0,0,0,0,0,0,0,0,0,0,0,0,0,0,0,0,36.0,6.07233140733507,1.0,0.5,-0.010314315557479858,0.0,1.0,100.0,-0.20000000298023224,0.5185506343841553
70,30264-1785293974383865100,30264,7536,0,471,,OP3,FIXED_OPPONENT,train,map_a_open,-1,0,SCRIPTED:OP6,5,1,3,2,1,87,0.5600000023841858,1,0,0,1,0,0,0,0,0,0,0,0,0,0,0,0,0,0,0,0,29.0,7.995752093435704,1.0,0.5,-0.0007661134004592896,0.014999999664723873,1.0,100.0,0.0,0.5552154779434204
71,30264-1785293974383865100,30264,7600,0,475,,OP3,FIXED_OPPONENT,train,map_a_open,-1,0,SCRIPTED:OP6,5,1,3,2,1,95,0.5199999809265137,1,0,0,2,0,0,0,0,0,0,0,0,0,0,0,0,0,0,0,0,29.0,7.616710783305921,1.0,0.5,-0.034343600273132324,0.029999999329447746,1.0,100.0,0.0,0.554411768913269
72,30264-1785293974383865100,30264,7712,0,482,,OP3,FIXED_OPPONENT,train,map_a_open,-1,0,SCRIPTED:OP6,5,1,3,2,1,79,0.47999998927116394,1,0,0,3,0,0,0,0,0,0,0,0,0,0,0,0,0,0,0,0,29.0,6.635288673111155,1.0,0.5,0.005277916789054871,0.0,1.0,100.0,0.0,0.5548280477523804
73,30264-1785293974383865100,30264,7760,0,485,,OP3,FIXED_OPPONENT,train,map_a_open,-1,0,SCRIPTED:OP6,5,1,3,2,1,92,0.5600000023841858,1,0,0,4,0,0,0,0,0,0,0,0,0,0,0,0,0,0,0,0,31.0,7.326073024583899,1.0,0.5,-0.02291293442249298,0.04999999701976776,1.0,100.0,-0.20000000298023224,0.5202575922012329
74,30264-1785293974383865100,30264,7760,0,485,,OP3,FIXED_OPPONENT,train,map_a_open,-1,0,SCRIPTED:OP6,5,0,2,3,-1,115,0.6399999856948853,1,0,0,15,0,0,0,0,0,0,0,0,0,0,0,0,0,0,0,0,45.0,6.856669815726902,-1.0,-0.5,0.016979336738586426,0.019999999552965164,-1.0,-100.0,-0.4000000059604645,-0.6185719966888428
75,30264-1785293974383865100,30264,7808,0,488,,OP3,FIXED_OPPONENT,train,map_a_open,-1,0,SCRIPTED:OP6,5,0,2,3,-1,104,0.7599999904632568,1,0,0,8,0,0,0,0,0,0,0,0,0,0,0,0,0,0,0,0,38.0,6.828525836651142,-1.0,-0.5,-0.001301005482673645,0.019999999552965164,-1.0,-100.0,0.0,-0.5537899732589722
76,30264-1785293974383865100,30264,7872,0,492,,OP3,FIXED_OPPONENT,train,map_a_open,-1,0,SCRIPTED:OP6,5,0,2,3,-1,100,0.5999999642372131,1,0,0,5,0,0,0,0,0,0,0,0,0,0,0,0,0,0,0,0,31.0,6.740504150390625,-1.0,-0.5,0.00010275840759277344,0.0,-1.0,-100.0,0.0,-0.5545952916145325
77,30264-1785293974383865100,30264,7872,0,492,,OP3,FIXED_OPPONENT,train,map_a_open,-1,0,SCRIPTED:OP6,5,0,3,3,0,106,0.5999999642372131,1,0,0,9,0,0,0,0,0,0,0,0,0,0,0,0,0,0,0,0,33.0,6.8045683087043045,-0.5,0.0,-0.009377315640449524,0.0,0.0,0.0,0.0,-0.12492997944355011
78,30264-1785293974383865100,30264,8112,0,507,,OP3,FIXED_OPPONENT,train,map_a_open,-1,0,SCRIPTED:OP6,5,0,2,3,-1,111,0.5600000023841858,1,0,0,1,0,0,0,0,0,0,0,0,0,0,0,0,0,0,0,0,37.0,7.674644676414696,-1.0,-0.5,0.01514977216720581,0.0,-1.0,-100.0,0.0,-0.5539437532424927
79,30264-1785293974383865100,30264,8144,0,509,,OP3,FIXED_OPPONENT,train,map_a_open,-1,0,SCRIPTED:OP6,5,0,2,3,-1,103,0.5600000023841858,1,0,0,6,0,0,0,0,0,0,0,0,0,0,0,0,0,0,0,0,35.0,6.749585197967233,-1.0,-0.5,0.017066776752471924,0.019999999552965164,-1.0,-100.0,0.0,-0.5529935359954834
80,30264-1785293974383865100,30264,8496,0,531,,OP3,FIXED_OPPONENT,train,map_a_open,-1,0,SCRIPTED:OP6,5,0,2,3,-1,102,0.6399999856948853,1,0,0,3,0,0,0,0,0,0,0,0,0,0,0,0,0,0,0,0,34.0,6.658007453469669,-1.0,-0.5,0.017146453261375427,0.0,-1.0,-100.0,0.0,-0.5538572072982788
81,30264-1785293974383865100,30264,8688,0,543,,OP3,FIXED_OPPONENT,train,map_a_open,-1,0,SCRIPTED:OP6,5,1,3,2,1,101,0.47999998927116394,1,0,0,1,0,0,0,0,0,0,0,0,0,0,0,0,0,0,0,0,34.0,7.51590902498453,1.0,0.5,-0.03328868746757507,0.029999999329447746,1.0,100.0,-0.20000000298023224,0.5188716053962708
82,30264-1785293974383865100,30264,8752,0,547,,OP3,FIXED_OPPONENT,train,map_a_open,-1,0,SCRIPTED:OP6,5,1,3,2,1,98,0.5600000023841858,1,0,0,8,0,0,0,0,0,0,0,0,0,0,0,0,0,0,0,0,33.0,7.35217098313935,1.0,0.5,-0.03295440971851349,0.014999999664723873,1.0,100.0,0.0,0.5538222789764404
83,30264-1785293974383865100,30264,8928,0,558,,OP3,FIXED_OPPONENT,train,map_a_open,-1,0,SCRIPTED:OP6,5,0,1,3,-2,109,0.5600000023841858,1,0,0,13,0,0,0,0,0,0,0,0,0,0,0,0,0,0,0,0,40.0,6.2449783185206424,-1.0,-0.5,0.01701556146144867,0.019999999552965164,-1.0,-100.0,-0.20000000298023224,-0.5867443084716797
84,30264-1785293974383865100,30264,9088,0,568,,OP3,FIXED_OPPONENT,train,map_a_open,-1,0,SCRIPTED:OP6,5,1,3,2,1,101,0.5999999642372131,1,0,0,2,0,0,0,0,0,0,0,0,0,0,0,0,0,0,0,0,32.0,7.707624076616646,1.0,0.30000001192092896,-0.022135958075523376,0.02499999850988388,1.0,100.0,0.0,0.5191525220870972
85,30264-1785293974383865100,30264,9152,0,572,,OP3,FIXED_OPPONENT,train,map_a_open,-1,0,SCRIPTED:OP6,5,1,3,1,2,105,0.5199999809265137,1,0,0,19,0,0,0,0,0,0,0,0,0,0,0,0,0,0,0,0,34.0,6.861755952380952,1.0,0.5,-0.02314986288547516,0.02499999850988388,1.0,100.0,0.0,0.554679811000824
86,30264-1785293974383865100,30264,9168,0,573,,OP3,FIXED_OPPONENT,train,map_a_open,-1,0,SCRIPTED:OP6,5,0,2,3,-1,102,0.5600000023841858,1,0,0,6,0,0,0,0,0,0,0,0,0,0,0,0,0,0,0,0,33.0,6.964528401692708,-1.0,-0.5,0.015473991632461548,0.019999999552965164,-1.0,-100.0,0.0,-0.5530626773834229
87,30264-1785293974383865100,30264,9280,0,580,,OP3,FIXED_OPPONENT,train,map_a_open,-1,0,SCRIPTED:OP6,5,0,2,3,-1,105,0.5600000023841858,1,0,0,21,0,0,0,0,0,0,0,0,0,0,0,0,0,0,0,0,32.0,5.9430565243675595,-1.0,-0.5,0.009764179587364197,0.019999999552965164,-1.0,-100.0,0.0,-0.5533102750778198
88,30264-1785293974383865100,30264,9312,0,582,,OP3,FIXED_OPPONENT,train,map_a_open,-1,0,SCRIPTED:OP6,5,1,3,2,1,100,0.5199999809265137,1,0,0,19,0,0,0,0,0,0,0,0,0,0,0,0,0,0,0,0,32.0,7.558907470703125,1.0,0.5,-0.03608117997646332,0.029999999329447746,1.0,100.0,-0.20000000298023224,0.5187440514564514
89,30264-1785293974383865100,30264,9360,0,585,,OP3,FIXED_OPPONENT,train,map_a_open,-1,0,SCRIPTED:OP6,5,0,2,3,-1,100,0.5199999809265137,1,0,0,7,0,0,0,0,0,0,0,0,0,0,0,0,0,0,0,0,32.0,6.535516357421875,-1.0,-0.5,0.007270365953445435,0.0,-1.0,-100.0,0.0,-0.5542849898338318
90,30264-1785293974383865100,30264,9360,0,585,,OP3,FIXED_OPPONENT,train,map_a_open,-1,0,SCRIPTED:OP6,5,0,2,3,-1,100,0.4399999976158142,1,0,0,13,0,0,0,0,0,0,0,0,0,0,0,0,0,0,0,0,26.0,6.485512084960938,-1.0,-0.5,0.017076745629310608,0.019999999552965164,-1.0,-100.0,0.0,-0.55299311876297
91,30264-1785293974383865100,30264,9456,0,591,,OP3,FIXED_OPPONENT,train,map_a_open,-1,0,SCRIPTED:OP6,5,0,2,3,-1,99,0.6399999856948853,1,0,0,13,0,0,0,0,0,0,0,0,0,0,0,0,0,0,0,0,34.0,6.516133009785354,-1.0,-0.5,0.016999930143356323,0.019999999552965164,-1.0,-100.0,-0.20000000298023224,-0.5867449641227722
92,30264-1785293974383865100,30264,9472,0,592,,OP3,FIXED_OPPONENT,train,map_a_open,-1,0,SCRIPTED:OP6,5,0,2,3,-1,104,0.6399999856948853,1,0,0,1,0,0,0,0,0,0,0,0,0,0,0,0,0,0,0,0,31.0,7.402099609375,-1.0,-0.5,-0.0033529996871948242,0.0,-1.0,-100.0,-0.4000000059604645,-0.6201258897781372
93,30264-1785293974383865100,30264,9536,0,596,,OP3,FIXED_OPPONENT,train,map_a_open,-1,0,SCRIPTED:OP6,5,1,3,2,1,104,0.5199999809265137,1,0,0,6,0,0,0,0,0,0,0,0,0,0,0,0,0,0,0,0,37.0,6.776341951810396,1.0,0.5,-0.006670072674751282,0.02499999850988388,1.0,100.0,0.0,0.5553924441337585
94,30264-1785293974383865100,30264,9648,0,603,,OP3,FIXED_OPPONENT,train,map_a_open,-1,0,SCRIPTED:OP6,5,1,3,2,1,96,0.5199999809265137,1,0,0,8,0,0,0,0,0,0,0,0,0,0,0,0,0,0,0,0,29.0,7.4677886962890625,1.0,0.5,-0.030821993947029114,0.029999999329447746,1.0,100.0,-0.4000000059604645,0.48151031136512756
95,30264-1785293974383865100,30264,9664,0,604,,OP3,FIXED_OPPONENT,train,map_a_open,-1,0,SCRIPTED:OP6,5,1,3,2,1,95,0.5600000023841858,1,0,0,2,0,0,0,0,0,0,0,0,0,0,0,0,0,0,0,0,32.0,7.467865953947369,1.0,0.5,-0.03566259145736694,0.029999999329447746,1.0,100.0,0.0,0.5543546080589294
96,30264-1785293974383865100,30264,10128,0,633,,OP3,FIXED_OPPONENT,train,map_a_open,-1,0,SCRIPTED:OP6,5,1,3,2,1,90,0.6800000071525574,1,0,0,11,0,0,0,0,0,0,0,0,0,0,0,0,0,0,0,0,27.0,7.357788764105903,1.0,0.5,-0.0007081776857376099,0.029999999329447746,1.0,100.0,0.0,0.5558660626411438
97,30264-1785293974383865100,30264,10128,0,633,,OP3,FIXED_OPPONENT,train,map_a_open,-1,0,SCRIPTED:OP6,5,0,2,3,-1,102,0.5999999642372131,1,0,0,4,0,0,0,0,0,0,0,0,0,0,0,0,0,0,0,0,26.0,7.776292987898285,-1.0,-0.5,0.0012156963348388672,0.0,-1.0,-100.0,-0.20000000298023224,-0.5882095098495483
98,30264-1785293974383865100,30264,10416,0,651,,OP3,FIXED_OPPONENT,train,map_a_open,-1,0,SCRIPTED:OP6,5,0,2,3,-1,104,0.6800000071525574,1,0,0,6,0,0,0,0,0,0,0,0,0,0,0,0,0,0,0,0,35.0,8.179398756760817,-1.0,0.0,0.003603637218475342,0.0,0.0,0.0,0.0,-0.244706928730011
99,30264-1785293974383865100,30264,10480,0,655,,OP3,FIXED_OPPONENT,train,map_a_open,-1,0,SCRIPTED:OP6,5,1,3,2,1,70,0.3999999761581421,1,0,0,7,0,0,0,0,0,0,0,0,0,0,0,0,0,0,0,0,26.0,6.6600716727120535,1.0,0.5,-0.010086685419082642,0.0,1.0,100.0,0.0,0.5541630983352661
100,30264-1785293974383865100,30264,10544,0,659,,OP3,FIXED_OPPONENT,train,map_a_open,-1,0,SCRIPTED:OP6,5,1,3,2,1,101,0.5199999809265137,1,0,0,16,0,0,0,0,0,0,0,0,0,0,0,0,0,0,0,0,33.0,5.948506874613242,1.0,0.30000001192092896,-0.03431062400341034,0.029999999329447746,1.0,100.0,-0.20000000298023224,0.4813428223133087
101,30264-1785293974383865100,30264,10720,0,670,,OP3,FIXED_OPPONENT,train,map_a_open,-1,0,SCRIPTED:OP6,5,0,2,3,-1,102,0.6399999856948853,1,0,0,5,0,0,0,0,0,0,0,0,0,0,0,0,0,0,0,0,29.0,7.560174081839767,-1.0,-0.5,0.017061293125152588,0.019999999552965164,-1.0,-100.0,-0.20000000298023224,-0.5867425203323364
102,30264-1785293974383865100,30264,10736,0,671,,OP3,FIXED_OPPONENT,train,map_a_open,-1,0,SCRIPTED:OP6,5,1,3,2,1,98,0.6399999856948853,1,0,0,6,0,0,0,0,0,0,0,0,0,0,0,0,0,0,0,0,30.0,7.2037353515625,1.0,0.5,-0.013083890080451965,0.014999999664723873,1.0,100.0,0.0,0.5546826124191284
103,30264-1785293974383865100,30264,10800,0,675,,OP3,FIXED_OPPONENT,train,map_a_open,-1,0,SCRIPTED:OP6,5,1,3,2,1,103,0.5600000023841858,1,0,0,1,0,0,0,0,0,0,0,0,0,0,0,0,0,0,0,0,31.0,7.725225652305825,1.0,0.5,-0.035696759819984436,0.029999999329447746,1.0,100.0,0.0,0.5543531179428101
104,30264-1785293974383865100,30264,10816,0,676,,OP3,FIXED_OPPONENT,train,map_a_open,-1,0,SCRIPTED:OP6,5,1,3,2,1,94,0.5999999642372131,1,0,0,8,0,0,0,0,0,0,0,0,0,0,0,0,0,0,0,0,34.0,7.562999319522939,1.0,0.5,-0.019261106848716736,0.014999999664723873,1.0,100.0,0.0,0.5544152855873108
105,30264-1785293974383865100,30264,10832,0,677,,OP3,FIXED_OPPONENT,train,map_a_open,-1,0,SCRIPTED:OP6,5,1,3,2,1,86,0.6399999856948853,1,0,0,1,0,0,0,0,0,0,0,0,0,0,0,0,0,0,0,0,32.0,7.8189037234284156,1.0,0.5,-0.007303595542907715,0.03500000014901161,1.0,100.0,-0.20000000298023224,0.5202853679656982
106,30264-1785293974383865100,30264,10944,0,684,,OP3,FIXED_OPPONENT,train,map_a_open,-1,0,SCRIPTED:OP6,5,0,2,3,-1,99,0.6800000071525574,1,0,0,7,0,0,0,0,0,0,0,0,0,0,0,0,0,0,0,0,32.0,7.341070618292298,-1.0,-0.5,0.0019892752170562744,0.0,-1.0,-100.0,0.0,-0.5545136332511902
107,30264-1785293974383865100,30264,10976,0,686,,OP3,FIXED_OPPONENT,train,map_a_open,-1,0,SCRIPTED:OP6,5,1,3,2,1,106,0.6399999856948853,1,0,0,21,0,0,0,0,0,0,0,0,0,0,0,0,0,0,0,0,34.0,6.340139137124115,1.0,0.5,-0.0037778615951538086,0.014999999664723873,1.0,100.0,0.0,0.5550852417945862
108,30264-1785293974383865100,30264,11024,0,689,,OP3,FIXED_OPPONENT,train,map_a_open,-1,0,SCRIPTED:OP6,5,0,2,3,-1,97,0.5999999642372131,1,0,0,10,0,0,0,0,0,0,0,0,0,0,0,0,0,0,0,0,34.0,7.530891339803479,-1.0,-0.5,0.01037752628326416,0.019999999552965164,-1.0,-100.0,0.0,-0.55328369140625
109,30264-1785293974383865100,30264,11216,0,701,,OP3,FIXED_OPPONENT,train,map_a_open,-1,0,SCRIPTED:OP6,5,1,3,2,1,98,0.5600000023841858,1,0,0,9,0,0,0,0,0,0,0,0,0,0,0,0,0,0,0,0,34.0,7.534123011997768,1.0,0.5,-0.03531688451766968,0.029999999329447746,1.0,100.0,0.0,0.5543696284294128
110,30264-1785293974383865100,30264,11216,0,701,,OP3,FIXED_OPPONENT,train,map_a_open,-1,0,SCRIPTED:OP6,5,0,2,3,-1,105,0.4399999976158142,1,0,0,3,0,0,0,0,0,0,0,0,0,0,0,0,0,0,0,0,34.0,6.656306966145833,-1.0,-0.5,0.001868516206741333,0.0,-1.0,-100.0,-0.20000000298023224,-0.5881829261779785
111,30264-1785293974383865100,30264,11312,0,707,,OP3,FIXED_OPPONENT,train,map_a_open,-1,0,SCRIPTED:OP6,5,0,2,3,-1,103,0.5600000023841858,0,1,0,28,0,0,0,0,0,0,0,0,0,0,0,0,0,0,0,0,34.0,6.176367898589199,-1.0,-0.5,0.0002697408199310303,0.0,-1.0,-100.0,0.0,-0.5545880198478699
112,30264-1785293974383865100,30264,11600,0,725,,OP3,FIXED_OPPONENT,train,map_a_open,-1,0,SCRIPTED:OP6,5,1,3,2,1,92,0.5199999809265137,1,0,0,5,0,0,0,0,0,0,0,0,0,0,0,0,0,0,0,0,35.0,7.060405565344769,1.0,0.5,-0.036555513739585876,0.029999999329447746,1.0,100.0,-0.20000000298023224,0.5187223553657532
113,30264-1785293974383865100,30264,11760,0,735,,OP3,FIXED_OPPONENT,train,map_a_open,-1,0,SCRIPTED:OP6,5,0,2,3,-1,102,0.5600000023841858,1,0,0,4,0,0,0,0,0,0,0,0,0,0,0,0,0,0,0,0,27.0,7.596363142424939,-1.0,-0.5,0.009077668190002441,0.0,-1.0,-100.0,-0.20000000298023224,-0.5878881216049194
114,30264-1785293974383865100,30264,11984,0,749,,OP3,FIXED_OPPONENT,train,map_a_open,-1,0,SCRIPTED:OP6,5,1,3,2,1,94,0.5199999809265137,1,0,0,6,0,0,0,0,0,0,0,0,0,0,0,0,0,0,0,0,40.0,7.038965752784242,1.0,0.5,-0.007673978805541992,0.02499999850988388,1.0,100.0,0.0,0.5553491115570068
115,30264-1785293974383865100,30264,12032,0,752,,OP3,FIXED_OPPONENT,train,map_a_open,-1,0,SCRIPTED:OP6,5,0,2,3,-1,101,0.47999998927116394,1,0,0,6,0,0,0,0,0,0,0,0,0,0,0,0,0,0,0,0,37.0,7.294750855700804,-1.0,-0.5,0.000766560435295105,0.0,-1.0,-100.0,0.0,-0.554566502571106
116,30264-1785293974383865100,30264,12096,0,756,,OP3,FIXED_OPPONENT,train,map_a_open,-1,0,SCRIPTED:OP6,5,1,3,2,1,97,0.5999999642372131,1,0,0,4,0,0,0,0,0,0,0,0,0,0,0,0,0,0,0,0,34.0,7.180043643282861,1.0,0.5,-0.009974494576454163,0.02499999850988388,1.0,100.0,-0.20000000298023224,0.5197075605392456
117,30264-1785293974383865100,30264,12288,0,768,,OP3,FIXED_OPPONENT,train,map_a_open,-1,0,SCRIPTED:OP6,5,1,3,2,1,97,0.5600000023841858,1,0,0,5,0,0,0,0,0,0,0,0,0,0,0,0,0,0,0,0,34.0,7.238146595119201,1.0,0.5,-0.029105529189109802,0.02499999850988388,1.0,100.0,0.0,0.5544220209121704
118,30264-1785293974383865100,30264,12304,0,769,,OP3,FIXED_OPPONENT,train,map_a_open,-1,0,SCRIPTED:OP6,5,0,2,3,-1,99,0.5600000023841858,1,0,0,8,0,0,0,0,0,0,0,0,0,0,0,0,0,0,0,0,31.0,7.044502643623737,-1.0,-0.5,0.014650747179985046,0.019999999552965164,-1.0,-100.0,-0.20000000298023224,-0.5868412256240845
119,30264-1785293974383865100,30264,12400,0,775,,OP3,FIXED_OPPONENT,train,map_a_open,-1,0,SCRIPTED:OP6,5,0,2,3,-1,100,0.5999999642372131,1,0,0,7,0,0,0,0,0,0,0,0,0,0,0,0,0,0,0,0,33.0,7.104187622070312,-1.0,-0.5,0.011541023850440979,0.019999999552965164,-1.0,-100.0,-0.4000000059604645,-0.6187818050384521
120,30264-1785293974383865100,30264,12416,0,776,,OP3,FIXED_OPPONENT,train,map_a_open,-1,0,SCRIPTED:OP6,5,1,3,2,1,92,0.5600000023841858,1,0,0,14,0,0,0,0,0,0,0,0,0,0,0,0,0,0,0,0,30.0,6.954083650008492,1.0,0.5,-0.012823909521102905,0.02499999850988388,1.0,100.0,0.0,0.5551264882087708
121,30264-1785293974383865100,30264,12480,0,780,,OP3,FIXED_OPPONENT,train,map_a_open,-1,0,SCRIPTED:OP6,5,1,3,2,1,91,0.5199999809265137,1,0,0,10,0,0,0,0,0,0,0,0,0,0,0,0,0,0,0,0,32.0,7.437103606842377,1.0,0.5,-0.015617609024047852,0.029999999329447746,1.0,100.0,0.0,0.5552219152450562
122,30264-1785293974383865100,30264,12480,0,780,,OP3,FIXED_OPPONENT,train,map_a_open,-1,0,SCRIPTED:OP6,5,0,2,3,-1,104,0.6399999856948853,0,1,0,21,0,0,0,0,0,0,0,0,0,0,0,0,0,0,0,0,35.0,5.6606891338641825,-1.0,-0.5,0.005430474877357483,0.0,-1.0,-100.0,0.0,-0.5543646812438965
123,30264-1785293974383865100,30264,12496,0,781,,OP3,FIXED_OPPONENT,train,map_a_open,-1,0,SCRIPTED:OP6,5,0,2,3,-1,104,0.5999999642372131,1,0,0,10,0,0,0,0,0,0,0,0,0,0,0,0,0,0,0,0,35.0,6.8500225360576925,-1.0,-0.5,0.01557469367980957,0.0,-1.0,-100.0,-0.20000000298023224,-0.587622344493866
124,30264-1785293974383865100,30264,12496,0,781,,OP3,FIXED_OPPONENT,train,map_a_open,-1,0,SCRIPTED:OP6,5,1,3,2,1,80,0.4399999976158142,1,0,0,10,0,0,0,0,0,0,0,0,0,0,0,0,0,0,0,0,28.0,5.703401565551758,1.0,0.5,-0.006284177303314209,0.0,1.0,100.0,0.0,0.5543277263641357
125,30264-1785293974383865100,30264,12576,0,786,,OP3,FIXED_OPPONENT,train,map_a_open,-1,0,SCRIPTED:OP6,5,1,3,2,1,100,0.5600000023841858,1,0,0,1,0,0,0,0,0,0,0,0,0,0,0,0,0,0,0,0,32.0,7.4398974609375,1.0,0.5,-0.0006016194820404053,0.014999999664723873,1.0,100.0,0.0,0.5552225112915039
126,30264-1785293974383865100,30264,12800,0,800,,OP3,FIXED_OPPONENT,train,map_a_open,-1,0,SCRIPTED:OP6,5,0,2,3,-1,93,0.6800000071525574,1,0,0,0,0,0,0,0,0,0,0,0,0,0,0,0,0,0,0,0,30.0,7.816473848076277,-1.0,-0.5,0.017039701342582703,0.019999999552965164,-1.0,-100.0,0.0,-0.5529947280883789
127,30264-1785293974383865100,30264,12912,0,807,,OP3,FIXED_OPPONENT,train,map_a_open,-1,0,SCRIPTED:OP6,5,0,2,3,-1,106,0.5999999642372131,1,0,0,4,0,0,0,0,0,0,0,0,0,0,0,0,0,0,0,0,36.0,6.804494030070755,-1.0,-0.5,-0.0018119215965270996,0.019999999552965164,-1.0,-100.0,0.0,-0.5538121461868286
128,30264-1785293974383865100,30264,13056,0,816,,OP3,FIXED_OPPONENT,train,map_a_open,-1,0,SCRIPTED:OP6,5,1,3,2,1,91,0.5199999809265137,1,0,0,3,0,0,0,0,0,0,0,0,0,0,0,0,0,0,0,0,35.0,6.632776281335851,1.0,0.5,-0.032575592398643494,0.029999999329447746,1.0,100.0,0.0,0.5544883012771606
129,30264-1785293974383865100,30264,13280,0,830,,OP3,FIXED_OPPONENT,train,map_a_open,-1,0,SCRIPTED:OP6,5,1,3,2,1,95,0.4399999976158142,1,0,0,8,0,0,0,0,0,0,0,0,0,0,0,0,0,0,0,0,26.0,6.649019582648027,1.0,0.5,-0.03380550444126129,0.029999999329447746,1.0,100.0,-0.20000000298023224,0.5188479423522949
130,30264-1785293974383865100,30264,13664,0,854,,OP3,FIXED_OPPONENT,train,map_a_open,-1,0,SCRIPTED:OP6,5,1,3,2,1,105,0.6399999856948853,1,0,0,16,0,0,0,0,0,0,0,0,0,0,0,0,0,0,0,0,37.0,6.7880022321428575,1.0,0.5,-0.027981236577033997,0.029999999329447746,1.0,100.0,-0.20000000298023224,0.5191139578819275
131,30264-1785293974383865100,30264,13760,0,860,,OP3,FIXED_OPPONENT,train,map_a_open,-1,0,SCRIPTED:OP6,5,0,2,3,-1,104,0.6399999856948853,1,0,0,15,0,0,0,0,0,0,0,0,0,0,0,0,0,0,0,0,31.0,5.276057316706731,-1.0,-0.5,0.01585155725479126,0.019999999552965164,-1.0,-100.0,0.0,-0.5530462861061096
132,30264-1785293974383865100,30264,13760,0,860,,OP3,FIXED_OPPONENT,train,map_a_open,-1,0,SCRIPTED:OP6,5,1,3,2,1,92,0.5199999809265137,1,0,0,7,0,0,0,0,0,0,0,0,0,0,0,0,0,0,0,0,32.0,7.088047193444294,1.0,0.5,-0.0068131983280181885,0.02499999850988388,1.0,100.0,0.0,0.5553863048553467
133,30264-1785293974383865100,30264,13776,0,861,,OP3,FIXED_OPPONENT,train,map_a_open,-1,0,SCRIPTED:OP6,5,0,2,3,-1,109,0.6800000071525574,1,0,0,5,0,0,0,0,0,0,0,0,0,0,0,0,0,0,0,0,36.0,5.68431161303039,-1.0,-0.5,0.016176879405975342,0.019999999552965164,-1.0,-100.0,0.0,-0.5530321598052979
134,30264-1785293974383865100,30264,13856,0,866,,OP3,FIXED_OPPONENT,train,map_a_open,-1,0,SCRIPTED:OP6,5,1,3,2,1,91,0.5999999642372131,1,0,0,11,0,0,0,0,0,0,0,0,0,0,0,0,0,0,0,0,34.0,7.297547057434753,1.0,0.5,-0.019660010933876038,0.02499999850988388,1.0,100.0,0.0,0.55483078956604
135,30264-1785293974383865100,30264,14000,0,875,,OP3,FIXED_OPPONENT,train,map_a_open,-1,0,SCRIPTED:OP6,5,0,2,3,-1,99,0.5600000023841858,1,0,0,4,0,0,0,0,0,0,0,0,0,0,0,0,0,0,0,0,34.0,6.706075032552083,-1.0,-0.5,0.007602289319038391,0.019999999552965164,-1.0,-100.0,0.0,-0.5534040927886963
136,30264-1785293974383865100,30264,14000,0,875,,OP3,FIXED_OPPONENT,train,map_a_open,-1,0,SCRIPTED:OP6,5,0,2,3,-1,94,0.5199999809265137,1,0,0,5,0,0,0,0,0,0,0,0,0,0,0,0,0,0,0,0,30.0,7.908738156582447,-1.0,-0.5,0.016959398984909058,0.019999999552965164,-1.0,-100.0,-0.4000000059604645,-0.6185728311538696
137,30264-1785293974383865100,30264,14032,0,877,,OP3,FIXED_OPPONENT,train,map_a_open,-1,0,SCRIPTED:OP6,5,0,2,3,-1,108,0.5999999642372131,1,0,0,11,0,0,0,0,0,0,0,0,0,0,0,0,0,0,0,0,35.0,7.1009035463686345,-1.0,-0.5,0.01734127104282379,0.019999999552965164,-1.0,-100.0,-0.20000000298023224,-0.58673095703125
138,30264-1785293974383865100,30264,14112,0,882,,OP3,FIXED_OPPONENT,train,map_a_open,-1,0,SCRIPTED:OP6,5,1,3,2,1,102,0.35999998450279236,1,0,0,7,0,0,0,0,0,0,0,0,0,0,0,0,0,0,0,0,25.0,6.998218611174939,1.0,0.5,-0.033627986907958984,0.029999999329447746,1.0,100.0,-0.20000000298023224,0.5188561081886292
139,30264-1785293974383865100,30264,14176,0,886,,OP3,FIXED_OPPONENT,train,map_a_open,-1,0,SCRIPTED:OP6,5,0,2,3,-1,106,0.5600000023841858,1,0,0,9,0,0,0,0,0,0,0,0,0,0,0,0,0,0,0,0,33.0,5.656429074845224,-1.0,-0.5,0.01696184277534485,0.019999999552965164,-1.0,-100.0,0.0,-0.5529980659484863
140,30264-1785293974383865100,30264,14224,0,889,,OP3,FIXED_OPPONENT,train,map_a_open,-1,0,SCRIPTED:OP6,5,0,2,3,-1,103,0.6399999856948853,1,0,0,2,0,0,0,0,0,0,0,0,0,0,0,0,0,0,0,0,29.0,7.633219598566444,-1.0,-0.5,0.01721137762069702,0.0,-1.0,-100.0,-0.20000000298023224,-0.5875554084777832
141,30264-1785293974383865100,30264,14240,0,890,,OP3,FIXED_OPPONENT,train,map_a_open,-1,0,SCRIPTED:OP6,5,0,2,3,-1,109,0.5600000023841858,1,0,0,11,0,0,0,0,0,0,0,0,0,0,0,0,0,0,0,0,34.0,6.686311774297592,-1.0,-0.5,0.01708129048347473,0.019999999552965164,-1.0,-100.0,0.0,-0.5529929399490356
142,30264-1785293974383865100,30264,14400,0,900,,OP3,FIXED_OPPONENT,train,map_a_open,-1,0,SCRIPTED:OP6,5,1,3,2,1,93,0.5199999809265137,1,0,0,3,0,0,0,0,0,0,0,0,0,0,0,0,0,0,0,0,31.0,7.517018307921707,1.0,0.5,-0.025030970573425293,0.02499999850988388,1.0,100.0,0.0,0.5545984506607056
143,30264-1785293974383865100,30264,14432,0,902,,OP3,FIXED_OPPONENT,train,map_a_open,-1,0,SCRIPTED:OP6,5,0,2,3,-1,102,0.5600000023841858,1,0,0,15,0,0,0,0,0,0,0,0,0,0,0,0,0,0,0,0,28.0,6.251214120902267,-1.0,-0.5,0.017089426517486572,0.019999999552965164,-1.0,-100.0,0.0,-0.552992582321167
144,30264-1785293974383865100,30264,14720,0,920,,OP3,FIXED_OPPONENT,train,map_a_open,-1,0,SCRIPTED:OP6,5,0,2,3,-1,104,0.5600000023841858,1,0,0,6,0,0,0,0,0,0,0,0,0,0,0,0,0,0,0,0,29.0,6.464000995342548,-1.0,-1.0,-0.010132387280464172,0.0,-2.0,-200.0,-0.4000000059604645,-0.8007264137268066
145,30264-1785293974383865100,30264,14752,0,922,,OP3,FIXED_OPPONENT,train,map_a_open,-1,0,SCRIPTED:OP6,5,1,3,2,1,92,0.47999998927116394,1,0,0,6,0,0,0,0,0,0,0,0,0,0,0,0,0,0,0,0,32.0,6.392904530400815,1.0,0.5,-0.03634046018123627,0.029999999329447746,1.0,100.0,0.0,0.5543253421783447
146,30264-1785293974383865100,30264,14784,0,924,,OP3,FIXED_OPPONENT,train,map_a_open,-1,0,SCRIPTED:OP6,5,1,3,2,1,70,0.5600000023841858,1,0,0,3,0,0,0,0,0,0,0,0,0,0,0,0,0,0,0,0,34.0,7.750179617745536,1.0,0.5,-0.006459832191467285,0.0,1.0,100.0,0.0,0.5543200969696045
147,30264-1785293974383865100,30264,15328,0,958,,OP3,FIXED_OPPONENT,train,map_a_open,-1,0,SCRIPTED:OP6,5,0,2,3,-1,98,0.5999999642372131,1,0,0,8,0,0,0,0,0,0,0,0,0,0,0,0,0,0,0,0,31.0,7.199441092354911,-1.0,-0.5,0.01700909435749054,0.019999999552965164,-1.0,-100.0,-0.20000000298023224,-0.5867446064949036
148,30264-1785293974383865100,30264,15376,0,961,,OP3,FIXED_OPPONENT,train,map_a_open,-1,0,SCRIPTED:OP6,5,0,2,3,-1,101,0.5600000023841858,0,1,0,8,0,0,0,0,0,0,0,0,0,0,0,0,0,0,0,0,33.0,7.511971350943688,-1.0,-0.699999988079071,0.017190009355545044,0.0,-1.0,-100.0,0.0,-0.5875562429428101
149,30264-1785293974383865100,30264,15536,0,971,,OP3,FIXED_OPPONENT,train,map_a_open,-1,0,SCRIPTED:OP6,5,0,2,3,-1,105,0.5600000023841858,1,0,0,5,0,0,0,0,0,0,0,0,0,0,0,0,0,0,0,0,37.0,7.839036923363095,-1.0,-0.5,0.0171700119972229,0.0,-1.0,-100.0,-0.4000000059604645,-0.6193358302116394
150,30264-1785293974383865100,30264,15568,0,973,,OP3,FIXED_OPPONENT,train,map_a_open,-1,0,SCRIPTED:OP6,5,1,3,2,1,84,0.5600000023841858,1,0,0,7,0,0,0,0,0,0,0,0,0,0,0,0,0,0,0,0,34.0,7.379508608863468,1.0,0.5,-0.006671726703643799,0.04999999701976776,1.0,100.0,-0.20000000298023224,0.5209975242614746
151,30264-1785293974383865100,30264,15568,0,973,,OP3,FIXED_OPPONENT,train,map_a_open,-1,0,SCRIPTED:OP6,5,0,1,3,-2,112,0.5999999642372131,1,0,0,14,0,0,0,0,0,0,0,0,0,0,0,0,0,0,0,0,37.0,6.200781141008649,-1.0,-0.5,0.016647934913635254,0.019999999552965164,-1.0,-100.0,0.0,-0.5530117750167847
152,30264-1785293974383865100,30264,15584,0,974,,OP3,FIXED_OPPONENT,train,map_a_open,-1,0,SCRIPTED:OP6,5,1,3,2,1,84,0.5600000023841858,1,0,0,9,0,0,0,0,0,0,0,0,0,0,0,0,0,0,0,0,36.0,7.071618942987351,1.0,0.5,-0.010295450687408447,0.0,1.0,100.0,0.0,0.5541540384292603
153,30264-1785293974383865100,30264,15616,0,976,,OP3,FIXED_OPPONENT,train,map_a_open,-1,0,SCRIPTED:OP6,5,1,3,2,1,94,0.5600000023841858,1,0,0,7,0,0,0,0,0,0,0,0,0,0,0,0,0,0,0,0,30.0,7.260809715757978,1.0,0.5,-0.03327551484107971,0.029999999329447746,1.0,100.0,-0.20000000298023224,0.5188722014427185
154,30264-1785293974383865100,30264,15664,0,979,,OP3,FIXED_OPPONENT,train,map_a_open,-1,0,SCRIPTED:OP6,5,1,3,2,1,104,0.6800000071525574,1,0,0,6,0,0,0,0,0,0,0,0,0,0,0,0,0,0,0,0,28.0,7.171715956467849,1.0,0.5,-0.03576454520225525,0.029999999329447746,1.0,100.0,0.0,0.5543502569198608
155,30264-1785293974383865100,30264,15696,0,981,,OP3,FIXED_OPPONENT,train,map_a_open,-1,0,SCRIPTED:OP6,5,1,3,2,1,106,0.5199999809265137,1,0,0,11,0,0,0,0,0,0,0,0,0,0,0,0,0,0,0,0,35.0,6.68009459297612,1.0,0.4000000059604645,-0.009624689817428589,0.04999999701976776,1.0,100.0,0.0,0.5388427972793579
156,30264-1785293974383865100,30264,15728,0,983,,OP3,FIXED_OPPONENT,train,map_a_open,-1,0,SCRIPTED:OP6,5,0,2,3,-1,106,0.5999999642372131,1,0,0,14,0,0,0,0,0,0,0,0,0,0,0,0,0,0,0,0,30.0,5.853185689674233,-1.0,-0.5,0.006128475069999695,0.019999999552965164,-1.0,-100.0,0.0,-0.5534679889678955
157,30264-1785293974383865100,30264,15840,0,990,,OP3,FIXED_OPPONENT,train,map_a_open,-1,0,SCRIPTED:OP6,5,1,3,2,1,90,0.5199999809265137,1,0,0,8,0,0,0,0,0,0,0,0,0,0,0,0,0,0,0,0,31.0,6.653738064236111,1.0,0.5,0.00963352620601654,0.04999999701976776,1.0,100.0,0.0,0.5571750402450562
158,30264-1785293974383865100,30264,16032,0,1002,,OP3,FIXED_OPPONENT,train,map_a_open,-1,0,SCRIPTED:OP6,5,1,3,2,1,116,0.5999999642372131,1,0,0,7,0,0,0,0,0,0,0,0,0,0,0,0,0,0,0,0,35.0,6.627414045662715,1.0,0.5,-0.009789243340492249,0.0,1.0,100.0,0.0,0.5541759133338928
159,30264-1785293974383865100,30264,16048,0,1003,,OP3,FIXED_OPPONENT,train,map_a_open,-1,0,SCRIPTED:OP6,5,1,3,2,1,101,0.5999999642372131,1,0,0,11,0,0,0,0,0,0,0,0,0,0,0,0,0,0,0,0,32.0,6.0399478119198635,1.0,0.5,-0.03807918727397919,0.029999999329447746,1.0,100.0,-0.20000000298023224,0.5186527967453003
160,30264-1785293974383865100,30264,16144,0,1009,,OP3,FIXED_OPPONENT,train,map_a_open,-1,0,SCRIPTED:OP6,5,1,3,2,1,89,0.3999999761581421,1,0,0,4,0,0,0,0,0,0,0,0,0,0,0,0,0,0,0,0,29.0,7.459749714712078,1.0,0.5,-0.02182506024837494,0.014999999664723873,1.0,100.0,-0.20000000298023224,0.5187100768089294
161,30264-1785293974383865100,30264,16336,0,1021,,OP3,FIXED_OPPONENT,train,map_a_open,-1,0,SCRIPTED:OP6,5,0,2,3,-1,97,0.47999998927116394,1,0,0,1,0,0,0,0,0,0,0,0,0,0,0,0,0,0,0,0,28.0,7.337755340890786,-1.0,-0.5,0.01704341173171997,0.019999999552965164,-1.0,-100.0,-0.4000000059604645,-0.6185694932937622
162,30264-1785293974383865100,30264,16432,0,1027,,OP3,FIXED_OPPONENT,train,map_a_open,-1,0,SCRIPTED:OP6,5,0,2,3,-1,105,0.5600000023841858,1,0,0,6,0,0,0,0,0,0,0,0,0,0,0,0,0,0,0,0,30.0,6.868844749813988,-1.0,-0.5,0.01699724793434143,0.0,-1.0,-100.0,-0.20000000298023224,-0.5875641107559204
163,30264-1785293974383865100,30264,16848,0,1053,,OP3,FIXED_OPPONENT,train,map_a_open,-1,0,SCRIPTED:OP6,5,1,3,2,1,80,0.6399999856948853,1,0,0,2,0,0,0,0,0,0,0,0,0,0,0,0,0,0,0,0,28.0,7.61732177734375,1.0,0.5,0.008440941572189331,0.0,1.0,100.0,0.0,0.5549649596214294
164,30264-1785293974383865100,30264,16896,0,1056,,OP3,FIXED_OPPONENT,train,map_a_open,-1,0,SCRIPTED:OP6,5,1,3,2,1,95,0.5199999809265137,1,0,0,6,0,0,0,0,0,0,0,0,0,0,0,0,0,0,0,0,29.0,7.202391935649671,1.0,0.5,-0.007202029228210449,0.014999999664723873,1.0,100.0,0.0,0.5549371242523193
165,30264-1785293974383865100,30264,16944,0,1059,,OP3,FIXED_OPPONENT,train,map_a_open,-1,0,SCRIPTED:OP6,5,1,3,2,1,86,0.5199999809265137,1,0,0,5,0,0,0,0,0,0,0,0,0,0,0,0,0,0,0,0,31.0,7.1693299759265985,1.0,0.5,-0.0306207537651062,0.029999999329447746,1.0,100.0,-0.20000000298023224,0.5189934372901917
166,30264-1785293974383865100,30264,16960,0,1060,,OP3,FIXED_OPPONENT,train,map_a_open,-1,0,SCRIPTED:OP6,5,1,3,2,1,89,0.5600000023841858,1,0,0,5,0,0,0,0,0,0,0,0,0,0,0,0,0,0,0,0,32.0,6.938175501448385,1.0,0.5,-0.03406223654747009,0.029999999329447746,1.0,100.0,0.0,0.5544239282608032
167,30264-1785293974383865100,30264,16976,0,1061,,OP3,FIXED_OPPONENT,train,map_a_open,-1,0,SCRIPTED:OP6,5,1,3,2,1,103,0.6800000071525574,1,0,0,5,0,0,0,0,0,0,0,0,0,0,0,0,0,0,0,0,34.0,7.234338852965716,1.0,0.5,-0.009004279971122742,0.014999999664723873,1.0,100.0,0.0,0.5548591613769531
168,30264-1785293974383865100,30264,17008,0,1063,,OP3,FIXED_OPPONENT,train,map_a_open,-1,0,SCRIPTED:OP6,5,1,3,2,1,87,0.5199999809265137,1,0,0,6,0,0,0,0,0,0,0,0,0,0,0,0,0,0,0,0,35.0,6.782169035111351,1.0,0.5,-0.016424283385276794,0.04999999701976776,1.0,100.0,0.0,0.5560510158538818
169,30264-1785293974383865100,30264,17104,0,1069,,OP3,FIXED_OPPONENT,train,map_a_open,-1,0,SCRIPTED:OP6,5,1,3,2,1,88,0.5999999642372131,1,0,0,26,0,0,0,0,0,0,0,0,0,0,0,0,0,0,0,0,31.0,5.443491155450994,1.0,1.5,-0.009994924068450928,0.0,3.0,300.0,-0.20000000298023224,0.8678679466247559
170,30264-1785293974383865100,30264,17136,0,1071,,OP3,FIXED_OPPONENT,train,map_a_open,-1,0,SCRIPTED:OP6,5,1,3,2,1,92,0.47999998927116394,1,0,0,2,0,0,0,0,0,0,0,0,0,0,0,0,0,0,0,0,34.0,7.511909816576087,1.0,0.5,-0.0005384236574172974,0.014999999664723873,1.0,100.0,-0.20000000298023224,0.5196818709373474
171,30264-1785293974383865100,30264,17216,0,1076,,OP3,FIXED_OPPONENT,train,map_a_open,-1,0,SCRIPTED:OP6,5,1,3,2,1,86,0.5999999642372131,1,0,0,10,0,0,0,0,0,0,0,0,0,0,0,0,0,0,0,0,33.0,7.060715076535247,1.0,0.5,-0.007972344756126404,0.02499999850988388,1.0,100.0,0.0,0.5553361773490906
172,30264-1785293974383865100,30264,17248,0,1078,,OP3,FIXED_OPPONENT,train,map_a_open,-1,0,SCRIPTED:OP6,5,0,2,3,-1,95,0.4399999976158142,1,0,0,2,0,0,0,0,0,0,0,0,0,0,0,0,0,0,0,0,29.0,8.120902292351973,-1.0,-0.5,0.013518646359443665,0.019999999552965164,-1.0,-100.0,0.0,-0.5531474351882935
173,30264-1785293974383865100,30264,17312,0,1082,,OP3,FIXED_OPPONENT,train,map_a_open,-1,0,SCRIPTED:OP6,5,0,2,3,-1,108,0.6800000071525574,0,1,0,9,0,0,0,0,0,0,0,0,0,0,0,0,0,0,0,0,35.0,6.268792046440972,-1.0,-0.5,0.013875991106033325,0.0,-1.0,-100.0,-0.4000000059604645,-0.6194627285003662
174,30264-1785293974383865100,30264,17392,0,1087,,OP3,FIXED_OPPONENT,train,map_a_open,-1,0,SCRIPTED:OP6,5,1,3,2,1,78,0.5199999809265137,0,1,0,6,0,0,0,0,0,0,0,0,0,0,0,0,0,0,0,0,29.0,7.008748372395833,1.0,0.5,0.007425785064697266,0.0,1.0,100.0,0.0,0.55492103099823
175,30264-1785293974383865100,30264,17712,0,1107,,OP3,FIXED_OPPONENT,train,map_a_open,-1,0,SCRIPTED:OP6,5,0,2,3,-1,104,0.6399999856948853,1,0,0,13,0,0,0,0,0,0,0,0,0,0,0,0,0,0,0,0,30.0,6.277779212364783,-1.0,-0.5,0.0030458271503448486,0.019999999552965164,-1.0,-100.0,-0.20000000298023224,-0.5873165726661682
176,30264-1785293974383865100,30264,17776,0,1111,,OP3,FIXED_OPPONENT,train,map_a_open,-1,0,SCRIPTED:OP6,5,0,1,3,-2,109,0.5999999642372131,1,0,0,7,0,0,0,0,0,0,0,0,0,0,0,0,0,0,0,0,37.0,6.423431676462156,-1.0,-0.5,0.014577984809875488,0.0,-1.0,-100.0,0.0,-0.5539685487747192
177,30264-1785293974383865100,30264,17872,0,1117,,OP3,FIXED_OPPONENT,train,map_a_open,-1,0,SCRIPTED:OP6,5,1,3,2,1,96,0.47999998927116394,1,0,0,3,0,0,0,0,0,0,0,0,0,0,0,0,0,0,0,0,35.0,7.271788279215495,1.0,0.5,-0.03682693839073181,0.029999999329447746,1.0,100.0,0.0,0.5543042421340942
178,30264-1785293974383865100,30264,18032,0,1127,,OP3,FIXED_OPPONENT,train,map_a_open,-1,0,SCRIPTED:OP6,5,0,2,3,-1,100,0.6800000071525574,1,0,0,9,0,0,0,0,0,0,0,0,0,0,0,0,0,0,0,0,29.0,7.062463989257813,-1.0,-0.5,0.01701582968235016,0.019999999552965164,-1.0,-100.0,-0.20000000298023224,-0.5867443084716797
179,30264-1785293974383865100,30264,18256,0,1141,,OP3,FIXED_OPPONENT,train,map_a_open,-1,0,SCRIPTED:OP6,5,1,3,2,1,85,0.5199999809265137,1,0,0,8,0,0,0,0,0,0,0,0,0,0,0,0,0,0,0,0,26.0,6.526197725183824,1.0,0.5,-0.006474882364273071,0.0,1.0,100.0,0.0,0.5543195009231567
180,30264-1785293974383865100,30264,18336,0,1146,,OP3,FIXED_OPPONENT,train,map_a_open,-1,0,SCRIPTED:OP6,5,1,3,2,1,83,0.5999999642372131,1,0,0,22,0,0,0,0,0,0,0,0,0,0,0,0,0,0,0,0,31.0,6.35869920110128,1.0,0.5,-0.006154909729957581,0.0,1.0,100.0,0.0,0.5543333292007446
181,30264-1785293974383865100,30264,18416,0,1151,,OP3,FIXED_OPPONENT,train,map_a_open,-1,0,SCRIPTED:OP6,5,1,3,2,1,90,0.5199999809265137,1,0,0,4,0,0,0,0,0,0,0,0,0,0,0,0,0,0,0,0,27.0,7.477875434027778,1.0,0.5,-0.006995633244514465,0.02499999850988388,1.0,100.0,-0.20000000298023224,0.5198434591293335
182,30264-1785293974383865100,30264,18432,0,1152,,OP3,FIXED_OPPONENT,train,map_a_open,-1,0,SCRIPTED:OP6,5,1,3,2,1,76,0.3999999761581421,1,0,0,9,0,0,0,0,0,0,0,0,0,0,0,0,0,0,0,0,31.0,6.170006199886925,1.0,0.5,-0.005550488829612732,0.0,1.0,100.0,0.0,0.554359495639801
183,30264-1785293974383865100,30264,18464,0,1154,,OP3,FIXED_OPPONENT,train,map_a_open,-1,0,SCRIPTED:OP6,5,1,3,2,1,95,0.6399999856948853,1,0,0,1,0,0,0,0,0,0,0,0,0,0,0,0,0,0,0,0,30.0,7.607937782689144,1.0,0.5,-0.031894832849502563,0.014999999664723873,1.0,100.0,0.0,0.5538681745529175
184,30264-1785293974383865100,30264,18480,0,1155,,OP3,FIXED_OPPONENT,train,map_a_open,-1,0,SCRIPTED:OP6,5,0,2,3,-1,102,0.5600000023841858,1,0,0,6,0,0,0,0,0,0,0,0,0,0,0,0,0,0,0,0,33.0,6.220699534696691,-1.0,-0.5,0.01700800657272339,0.019999999552965164,-1.0,-100.0,-0.20000000298023224,-0.5867446660995483
185,30264-1785293974383865100,30264,18576,0,1161,,OP3,FIXED_OPPONENT,train,map_a_open,-1,0,SCRIPTED:OP6,5,0,2,3,-1,101,0.47999998927116394,1,0,0,2,0,0,0,0,0,0,0,0,0,0,0,0,0,0,0,0,31.0,6.900449847230817,-1.0,-0.5,0.01674722135066986,0.019999999552965164,-1.0,-100.0,0.0,-0.5530073642730713
186,30264-1785293974383865100,30264,18704,0,1169,,OP3,FIXED_OPPONENT,train,map_a_open,-1,0,SCRIPTED:OP6,5,1,3,2,1,91,0.5600000023841858,1,0,0,4,0,0,0,0,0,0,0,0,0,0,0,0,0,0,0,0,29.0,8.012813358516484,1.0,0.5,-0.03161206841468811,0.02499999850988388,1.0,100.0,0.0,0.5543135404586792
187,30264-1785293974383865100,30264,18800,0,1175,,OP3,FIXED_OPPONENT,train,map_a_open,-1,0,SCRIPTED:OP6,5,0,2,3,-1,106,0.5999999642372131,1,0,0,10,0,0,0,0,0,0,0,0,0,0,0,0,0,0,0,0,35.0,6.590039523142688,-1.0,-0.5,0.01733499765396118,0.0,-1.0,-100.0,0.0,-0.5538491010665894
188,30264-1785293974383865100,30264,18864,0,1179,,OP3,FIXED_OPPONENT,train,map_a_open,-1,0,SCRIPTED:OP6,5,1,3,2,1,108,0.6399999856948853,1,0,0,7,0,0,0,0,0,0,0,0,0,0,0,0,0,0,0,0,36.0,6.871554904513889,1.0,0.5,0.00043252110481262207,0.02499999850988388,1.0,100.0,0.0,0.5556994676589966
189,30264-1785293974383865100,30264,18864,0,1179,,OP3,FIXED_OPPONENT,train,map_a_open,-1,0,SCRIPTED:OP6,5,1,3,2,1,97,0.47999998927116394,1,0,0,8,0,0,0,0,0,0,0,0,0,0,0,0,0,0,0,0,34.0,7.563234309560245,1.0,0.5,-0.0366203635931015,0.029999999329447746,1.0,100.0,0.0,0.5543131828308105
190,30264-1785293974383865100,30264,18992,0,1187,,OP3,FIXED_OPPONENT,train,map_a_open,-1,0,SCRIPTED:OP6,5,1,3,2,1,100,0.3999999761581421,1,0,0,10,0,0,0,0,0,0,0,0,0,0,0,0,0,0,0,0,25.0,6.521401977539062,1.0,0.5,-0.02737961709499359,0.029999999329447746,1.0,100.0,-0.20000000298023224,0.5191413760185242
191,30264-1785293974383865100,30264,19088,0,1193,,OP3,FIXED_OPPONENT,train,map_a_open,-1,0,SCRIPTED:OP6,5,1,3,2,1,86,0.4399999976158142,1,0,0,17,0,0,0,0,0,0,0,0,0,0,0,0,0,0,0,0,34.0,6.266527042832485,1.0,0.5,-0.0006560385227203369,0.014999999664723873,1.0,100.0,0.0,0.5552201867103577
192,30264-1785293974383865100,30264,19376,0,1211,,OP3,FIXED_OPPONENT,train,map_a_open,-1,0,SCRIPTED:OP6,5,1,3,2,1,94,0.5199999809265137,1,0,0,11,0,0,0,0,0,0,0,0,0,0,0,0,0,0,0,0,30.0,7.808552194148936,1.0,0.5,-0.03550480306148529,0.029999999329447746,1.0,100.0,-0.20000000298023224,0.5187703967094421
193,30264-1785293974383865100,30264,19440,0,1215,,OP3,FIXED_OPPONENT,train,map_a_open,-1,0,SCRIPTED:OP6,5,0,2,3,-1,104,0.6399999856948853,1,0,0,9,0,0,0,0,0,0,0,0,0,0,0,0,0,0,0,0,28.0,6.791685251089243,-1.0,-0.5,-0.0014696568250656128,0.019999999552965164,-1.0,-100.0,0.0,-0.5537973046302795
194,30264-1785293974383865100,30264,19568,0,1223,,OP3,FIXED_OPPONENT,train,map_a_open,-1,0,SCRIPTED:OP6,5,1,3,2,1,72,0.47999998927116394,1,0,0,5,0,0,0,0,0,0,0,0,0,0,0,0,0,0,0,0,26.0,6.7859242757161455,1.0,0.5,0.008589625358581543,0.0,1.0,100.0,-0.20000000298023224,0.519413948059082
195,30264-1785293974383865100,30264,19584,0,1224,,OP3,FIXED_OPPONENT,train,map_a_open,-1,0,SCRIPTED:OP6,5,1,3,2,1,78,0.5999999642372131,1,0,0,0,0,0,0,0,0,0,0,0,0,0,0,0,0,0,0,0,31.0,7.73016592172476,1.0,0.5,-0.009968116879463196,0.0,1.0,100.0,-0.20000000298023224,0.5185664296150208
196,30264-1785293974383865100,30264,19664,0,1229,,OP3,FIXED_OPPONENT,train,map_a_open,-1,0,SCRIPTED:OP6,5,1,3,2,1,102,0.7199999690055847,1,0,0,6,0,0,0,0,0,0,0,0,0,0,0,0,0,0,0,0,42.0,8.189208385991115,1.0,0.5,-0.0014871209859848022,0.014999999664723873,1.0,100.0,0.0,0.5551842451095581
197,30264-1785293974383865100,30264,19808,0,1238,,OP3,FIXED_OPPONENT,train,map_a_open,-1,0,SCRIPTED:OP6,5,0,2,3,-1,97,0.5999999642372131,1,0,0,3,0,0,0,0,0,0,0,0,0,0,0,0,0,0,0,0,33.0,7.363993536565721,-1.0,-0.5,0.016801148653030396,0.019999999552965164,-1.0,-100.0,-0.4000000059604645,-0.6185789108276367
198,30264-1785293974383865100,30264,19968,0,1248,,OP3,FIXED_OPPONENT,train,map_a_open,-1,0,SCRIPTED:OP6,5,1,3,2,1,94,0.4399999976158142,1,0,0,16,0,0,0,0,0,0,0,0,0,0,0,0,0,0,0,0,34.0,6.946831885804522,1.0,0.5,-0.038853034377098083,0.02499999850988388,1.0,100.0,0.0,0.5539999604225159
199,30264-1785293974383865100,30264,19968,0,1248,,OP3,FIXED_OPPONENT,train,map_a_open,-1,0,SCRIPTED:OP6,5,1,3,2,1,93,0.6800000071525574,1,0,0,11,0,0,0,0,0,0,0,0,0,0,0,0,0,0,0,0,32.0,7.150818527385753,1.0,0.5,-0.029430046677589417,0.029999999329447746,1.0,100.0,0.0,0.5546244382858276
200,30264-1785293974383865100,30264,20032,0,1252,,OP3,FIXED_OPPONENT,train,map_a_open,-1,0,SCRIPTED:OP6,5,1,3,2,1,100,0.6399999856948853,1,0,0,8,0,0,0,0,0,0,0,0,0,0,0,0,0,0,0,0,36.0,7.514508666992188,1.0,0.5,-0.031302183866500854,0.029999999329447746,1.0,100.0,0.0,0.5545433759689331
201,30264-1785293974383865100,30264,20048,0,1253,,OP3,FIXED_OPPONENT,train,map_a_open,-1,0,SCRIPTED:OP6,5,0,2,3,-1,92,0.47999998927116394,1,0,0,6,0,0,0,0,0,0,0,0,0,0,0,0,0,0,0,0,26.0,7.622627590013587,-1.0,-0.5,0.01681065559387207,0.0,-1.0,-100.0,-0.20000000298023224,-0.5875717401504517
202,30264-1785293974383865100,30264,20336,0,1271,,OP3,FIXED_OPPONENT,train,map_a_open,-1,0,SCRIPTED:OP6,5,0,2,3,-1,102,0.5999999642372131,1,0,0,8,0,0,0,0,0,0,0,0,0,0,0,0,0,0,0,0,33.0,6.348605885225184,-1.0,-0.5,-0.0048944056034088135,0.0,-1.0,-100.0,-0.20000000298023224,-0.5884592533111572
203,30264-1785293974383865100,30264,20416,0,1276,,OP3,FIXED_OPPONENT,train,map_a_open,-1,0,SCRIPTED:OP6,5,0,1,3,-2,101,0.5999999642372131,1,0,0,8,0,0,0,0,0,0,0,0,0,0,0,0,0,0,0,0,35.0,6.6331847540222775,-1.0,-0.5,0.012905806303024292,0.0,-1.0,-100.0,0.0,-0.5540410280227661
204,30264-1785293974383865100,30264,20432,0,1277,,OP3,FIXED_OPPONENT,train,map_a_open,-1,0,SCRIPTED:OP6,5,0,1,3,-2,98,0.6399999856948853,1,0,0,4,0,0,0,0,0,0,0,0,0,0,0,0,0,0,0,0,32.0,7.210790517378826,-1.0,-0.5,0.016986027359962463,0.019999999552965164,-1.0,-100.0,-0.4000000059604645,-0.6185717582702637
205,30264-1785293974383865100,30264,20528,0,1283,,OP3,FIXED_OPPONENT,train,map_a_open,-1,0,SCRIPTED:OP6,5,0,2,3,-1,104,0.5600000023841858,1,0,0,10,0,0,0,0,0,0,0,0,0,0,0,0,0,0,0,0,34.0,6.945889399601863,-1.0,-0.5,0.014010369777679443,0.019999999552965164,-1.0,-100.0,0.0,-0.5531262159347534
206,30264-1785293974383865100,30264,20640,0,1290,,OP3,FIXED_OPPONENT,train,map_a_open,-1,0,SCRIPTED:OP6,5,0,2,3,-1,103,0.5999999642372131,1,0,0,14,0,0,0,0,0,0,0,0,0,0,0,0,0,0,0,0,36.0,6.562155121738471,-1.0,-0.5,-0.001549556851387024,0.019999999552965164,-1.0,-100.0,0.0,-0.5538007616996765
207,30264-1785293974383865100,30264,20704,0,1294,,OP3,FIXED_OPPONENT,train,map_a_open,-1,0,SCRIPTED:OP6,5,0,2,3,-1,101,0.5600000023841858,1,0,0,31,0,0,0,0,0,0,0,0,0,0,0,0,0,0,0,0,31.0,5.774266006922958,-1.0,-0.5,-0.005781799554824829,0.0,-1.0,-100.0,-0.20000000298023224,-0.5884955525398254
208,30264-1785293974383865100,30264,20976,0,1311,,OP3,FIXED_OPPONENT,train,map_a_open,-1,0,SCRIPTED:OP6,5,0,2,3,-1,96,0.5199999809265137,1,0,0,4,0,0,0,0,0,0,0,0,0,0,0,0,0,0,0,0,29.0,7.571927388509114,-1.0,-0.5,0.013554617762565613,0.019999999552965164,-1.0,-100.0,0.0,-0.5531459450721741
209,30264-1785293974383865100,30264,20992,0,1312,,OP3,FIXED_OPPONENT,train,map_a_open,-1,0,SCRIPTED:OP6,5,0,2,3,-1,101,0.47999998927116394,1,0,0,13,0,0,0,0,0,0,0,0,0,0,0,0,0,0,0,0,34.0,6.0631049127862005,-1.0,-0.5,0.009365707635879517,0.019999999552965164,-1.0,-100.0,0.0,-0.5533275604248047
210,30264-1785293974383865100,30264,21216,0,1326,,OP3,FIXED_OPPONENT,train,map_a_open,-1,0,SCRIPTED:OP6,5,0,2,3,-1,103,0.6399999856948853,1,0,0,4,0,0,0,0,0,0,0,0,0,0,0,0,0,0,0,0,36.0,7.759818364115595,-1.0,-0.5,0.01618218421936035,0.0,-1.0,-100.0,-0.20000000298023224,-0.5875974893569946
211,30264-1785293974383865100,30264,21248,0,1328,,OP3,FIXED_OPPONENT,train,map_a_open,-1,0,SCRIPTED:OP6,5,0,2,3,-1,104,0.5600000023841858,1,0,0,10,0,0,0,0,0,0,0,0,0,0,0,0,0,0,0,0,36.0,7.209604703463041,-1.0,-0.5,0.009466186165809631,0.0,-1.0,-100.0,0.0,-0.554189920425415
212,30264-1785293974383865100,30264,21264,0,1329,,OP3,FIXED_OPPONENT,train,map_a_open,-1,0,SCRIPTED:OP6,5,0,2,3,-1,100,0.6800000071525574,1,0,0,7,0,0,0,0,0,0,0,0,0,0,0,0,0,0,0,0,28.0,6.509021606445312,-1.0,-0.5,-0.0017724931240081787,0.0,-1.0,-100.0,0.0,-0.5546764135360718
213,30264-1785293974383865100,30264,21424,0,1339,,OP3,FIXED_OPPONENT,train,map_a_open,-1,0,SCRIPTED:OP6,5,0,2,3,-1,101,0.5199999809265137,1,0,0,5,0,0,0,0,0,0,0,0,0,0,0,0,0,0,0,0,36.0,7.5502748394956685,-1.0,-0.699999988079071,0.0014856457710266113,0.0,-1.0,-100.0,0.0,-0.5881985425949097
214,30264-1785293974383865100,30264,21456,0,1341,,OP3,FIXED_OPPONENT,train,map_a_open,-1,0,SCRIPTED:OP6,5,1,3,2,1,89,0.6399999856948853,1,0,0,6,0,0,0,0,0,0,0,0,0,0,0,0,0,0,0,0,32.0,6.960600092169944,1.0,0.5,-0.017182007431983948,0.04999999701976776,1.0,100.0,0.0,0.5560183525085449
215,30264-1785293974383865100,30264,21520,0,1345,,OP3,FIXED_OPPONENT,train,map_a_open,-1,0,SCRIPTED:OP6,5,1,3,2,1,92,0.5199999809265137,1,0,0,1,0,0,0,0,0,0,0,0,0,0,0,0,0,0,0,0,27.0,7.394853011421535,1.0,0.5,-0.03367236256599426,0.029999999329447746,1.0,100.0,0.0,0.5544407367706299
216,30264-1785293974383865100,30264,21568,0,1348,,OP3,FIXED_OPPONENT,train,map_a_open,-1,0,SCRIPTED:OP6,5,0,2,3,-1,100,0.6399999856948853,1,0,0,11,0,0,0,0,0,0,0,0,0,0,0,0,0,0,0,0,26.0,6.224219970703125,-1.0,-0.5,0.0163591206073761,0.019999999552965164,-1.0,-100.0,0.0,-0.5530242919921875
217,30264-1785293974383865100,30264,21648,0,1353,,OP3,FIXED_OPPONENT,train,map_a_open,-1,0,SCRIPTED:OP6,5,0,2,3,-1,105,0.5999999642372131,1,0,0,10,0,0,0,0,0,0,0,0,0,0,0,0,0,0,0,0,36.0,5.915091378348214,-1.0,-0.5,-0.010794386267662048,0.0,-1.0,-100.0,0.0,-0.5550666451454163
218,30264-1785293974383865100,30264,21776,0,1361,,OP3,FIXED_OPPONENT,train,map_a_open,-1,0,SCRIPTED:OP6,5,1,3,2,1,85,0.5199999809265137,1,0,0,4,0,0,0,0,0,0,0,0,0,0,0,0,0,0,0,0,28.0,7.371409696691177,1.0,0.5,0.005959555506706238,0.0,1.0,100.0,0.0,0.5548575520515442
219,30264-1785293974383865100,30264,21792,0,1362,,OP3,FIXED_OPPONENT,train,map_a_open,-1,0,SCRIPTED:OP6,5,1,3,2,1,72,0.5999999642372131,1,0,0,1,0,0,0,0,0,0,0,0,0,0,0,0,0,0,0,0,27.0,7.904967414008246,1.0,0.5,-0.0024851858615875244,0.0,1.0,100.0,0.0,0.5544921159744263
220,30264-1785293974383865100,30264,21984,0,1374,,OP3,FIXED_OPPONENT,train,map_a_open,-1,0,SCRIPTED:OP6,5,0,2,3,-1,103,0.5199999809265137,1,0,0,12,0,0,0,0,0,0,0,0,0,0,0,0,0,0,0,0,25.0,6.618595456614078,-1.0,-0.5,-0.001977205276489258,0.019999999552965164,-1.0,-100.0,0.0,-0.5538192987442017
221,30264-1785293974383865100,30264,22032,0,1377,,OP3,FIXED_OPPONENT,train,map_a_open,-1,0,SCRIPTED:OP6,5,0,1,3,-2,100,0.5199999809265137,1,0,0,4,0,0,0,0,0,0,0,0,0,0,0,0,0,0,0,0,32.0,7.786285400390625,-1.0,-0.5,0.016917943954467773,0.019999999552965164,-1.0,-100.0,0.0,-0.5529999732971191
222,30264-1785293974383865100,30264,22096,0,1381,,OP3,FIXED_OPPONENT,train,map_a_open,-1,0,SCRIPTED:OP6,5,0,2,3,-1,98,0.5199999809265137,1,0,0,3,0,0,0,0,0,0,0,0,0,0,0,0,0,0,0,0,30.0,7.758652667610013,-1.0,-0.5,0.016925647854804993,0.019999999552965164,-1.0,-100.0,-0.20000000298023224,-0.5867480635643005
223,30264-1785293974383865100,30264,22272,0,1392,,OP3,FIXED_OPPONENT,train,map_a_open,-1,0,SCRIPTED:OP6,5,0,2,3,-1,98,0.47999998927116394,1,0,0,7,0,0,0,0,0,0,0,0,0,0,0,0,0,0,0,0,30.0,6.967425910794005,-1.0,-0.5,0.01726655662059784,0.019999999552965164,-1.0,-100.0,-0.20000000298023224,-0.5867340564727783
224,30264-1785293974383865100,30264,22528,0,1408,,OP3,FIXED_OPPONENT,train,map_a_open,-1,0,SCRIPTED:OP6,5,1,3,2,1,80,0.6399999856948853,1,0,0,9,0,0,0,0,0,0,0,0,0,0,0,0,0,0,0,0,30.0,6.701730346679687,1.0,0.5,-0.005073443055152893,0.0,1.0,100.0,0.0,0.5543801784515381
225,30264-1785293974383865100,30264,22624,0,1414,,OP3,FIXED_OPPONENT,train,map_a_open,-1,0,SCRIPTED:OP6,5,0,2,3,-1,103,0.5199999809265137,1,0,0,13,0,0,0,0,0,0,0,0,0,0,0,0,0,0,0,0,35.0,7.088524679535801,-1.0,-0.5,0.003967314958572388,0.0,-1.0,-100.0,0.0,-0.5544280409812927
226,30264-1785293974383865100,30264,22704,0,1419,,OP3,FIXED_OPPONENT,train,map_a_open,-1,0,SCRIPTED:OP6,5,1,3,2,1,90,0.47999998927116394,1,0,0,6,0,0,0,0,0,0,0,0,0,0,0,0,0,0,0,0,29.0,7.517641872829861,1.0,0.5,-0.0338168740272522,0.029999999329447746,1.0,100.0,0.0,0.5544345378875732
227,30264-1785293974383865100,30264,22816,0,1426,,OP3,FIXED_OPPONENT,train,map_a_open,-1,0,SCRIPTED:OP6,5,1,3,2,1,100,0.5600000023841858,1,0,0,5,0,0,0,0,0,0,0,0,0,0,0,0,0,0,0,0,35.0,7.755043334960938,1.0,0.5,-0.034578487277030945,0.029999999329447746,1.0,100.0,0.0,0.5544015765190125
228,30264-1785293974383865100,30264,23008,0,1438,,OP3,FIXED_OPPONENT,train,map_a_open,-1,0,SCRIPTED:OP6,5,0,2,3,-1,99,0.47999998927116394,1,0,0,6,0,0,0,0,0,0,0,0,0,0,0,0,0,0,0,0,33.0,6.855208579940025,-1.0,-0.5,0.01760503649711609,0.0,-1.0,-100.0,-0.20000000298023224,-0.5875393152236938
229,30264-1785293974383865100,30264,23008,0,1438,,OP3,FIXED_OPPONENT,train,map_a_open,-1,0,SCRIPTED:OP6,5,1,3,2,1,126,0.6399999856948853,1,0,0,10,0,0,0,0,0,0,0,0,0,0,0,0,0,0,0,0,33.0,6.8223058306981645,1.0,0.5,-0.012259557843208313,0.029999999329447746,1.0,100.0,0.0,0.5553669929504395
230,30264-1785293974383865100,30264,23104,0,1444,,OP3,FIXED_OPPONENT,train,map_a_open,-1,0,SCRIPTED:OP6,5,1,3,2,1,99,0.5199999809265137,1,0,0,3,0,0,0,0,0,0,0,0,0,0,0,0,0,0,0,0,27.0,7.168625340317234,1.0,0.5,-0.035660579800605774,0.029999999329447746,1.0,100.0,-0.20000000298023224,0.5187633037567139
231,30264-1785293974383865100,30264,23120,0,1445,,OP3,FIXED_OPPONENT,train,map_a_open,-1,0,SCRIPTED:OP6,5,0,2,3,-1,104,0.5999999642372131,1,0,0,7,0,0,0,0,0,0,0,0,0,0,0,0,0,0,0,0,35.0,7.557005662184495,-1.0,-0.5,0.01696491241455078,0.019999999552965164,-1.0,-100.0,-0.20000000298023224,-0.5867463946342468
232,30264-1785293974383865100,30264,23152,0,1447,,OP3,FIXED_OPPONENT,train,map_a_open,-1,0,SCRIPTED:OP6,5,0,2,3,-1,94,0.6800000071525574,1,0,0,6,0,0,0,0,0,0,0,0,0,0,0,0,0,0,0,0,34.0,7.37514025099734,-1.0,-0.5,-0.004797220230102539,0.0,-1.0,-100.0,-0.20000000298023224,-0.588455319404602
233,30264-1785293974383865100,30264,23344,0,1459,,OP3,FIXED_OPPONENT,train,map_a_open,-1,0,SCRIPTED:OP6,5,0,2,3,-1,97,0.7199999690055847,1,0,0,9,0,0,0,0,0,0,0,0,0,0,0,0,0,0,0,0,31.0,7.172083903833763,-1.0,-0.5,0.01722666621208191,0.0,-1.0,-100.0,0.0,-0.5538537502288818
234,30264-1785293974383865100,30264,23392,0,1462,,OP3,FIXED_OPPONENT,train,map_a_open,-1,0,SCRIPTED:OP6,5,0,2,3,-1,101,0.6399999856948853,1,0,0,9,0,0,0,0,0,0,0,0,0,0,0,0,0,0,0,0,37.0,7.864725547261758,-1.0,-0.5,0.01741868257522583,0.0,-1.0,-100.0,-0.20000000298023224,-0.5875469446182251
235,30264-1785293974383865100,30264,23424,0,1464,,OP3,FIXED_OPPONENT,train,map_a_open,-1,0,SCRIPTED:OP6,5,1,3,2,1,87,0.5600000023841858,1,0,0,1,0,0,0,0,0,0,0,0,0,0,0,0,0,0,0,0,30.0,8.064801095545977,1.0,0.5,-0.03434497117996216,0.029999999329447746,1.0,100.0,-0.20000000298023224,0.5188233852386475
236,30264-1785293974383865100,30264,23456,0,1466,,OP3,FIXED_OPPONENT,train,map_a_open,-1,0,SCRIPTED:OP6,5,0,2,3,-1,118,0.5999999642372131,0,1,0,17,0,0,0,0,0,0,0,0,0,0,0,0,0,0,0,0,36.0,6.42367812334481,-1.0,-0.5,-0.001559138298034668,0.0,-1.0,-100.0,-0.20000000298023224,-0.5883229970932007
237,30264-1785293974383865100,30264,23680,0,1480,,OP3,FIXED_OPPONENT,train,map_a_open,-1,0,SCRIPTED:OP6,5,0,2,3,-1,106,0.5199999809265137,1,0,0,14,0,0,0,0,0,0,0,0,0,0,0,0,0,0,0,0,34.0,6.576101051186615,-1.0,-0.5,-0.019210100173950195,0.0,-1.0,-100.0,0.0,-0.55543053150177
238,30264-1785293974383865100,30264,23776,0,1486,,OP3,FIXED_OPPONENT,train,map_a_open,-1,0,SCRIPTED:OP6,5,1,3,2,1,94,0.5600000023841858,1,0,0,6,0,0,0,0,0,0,0,0,0,0,0,0,0,0,0,0,32.0,7.500771380485372,1.0,0.5,-0.03565226495265961,0.029999999329447746,1.0,100.0,0.0,0.5543550848960876
239,30264-1785293974383865100,30264,23776,0,1486,,OP3,FIXED_OPPONENT,train,map_a_open,-1,0,SCRIPTED:OP6,5,0,3,3,0,105,0.5600000023841858,1,0,0,18,0,0,0,0,0,0,0,0,0,0,0,0,0,0,0,0,29.0,6.849099586123512,-0.5,0.0,-0.010200485587120056,0.0,0.0,0.0,0.0,-0.124980628490448
240,30264-1785293974383865100,30264,23968,0,1498,,OP3,FIXED_OPPONENT,train,map_a_open,-1,0,SCRIPTED:OP6,5,1,3,2,1,79,0.47999998927116394,1,0,0,5,0,0,0,0,0,0,0,0,0,0,0,0,0,0,0,0,30.0,6.628964194768591,1.0,0.5,-0.010191485285758972,0.0,1.0,100.0,-0.20000000298023224,0.5185562372207642
241,30264-1785293974383865100,30264,24016,0,1501,,OP3,FIXED_OPPONENT,train,map_a_open,-1,0,SCRIPTED:OP6,5,1,3,2,1,75,0.5600000023841858,1,0,0,3,0,0,0,0,0,0,0,0,0,0,0,0,0,0,0,0,30.0,7.873987630208333,1.0,0.5,0.004066839814186096,0.0,1.0,100.0,-0.20000000298023224,0.5192074775695801
242,30264-1785293974383865100,30264,24064,0,1504,,OP3,FIXED_OPPONENT,train,map_a_open,-1,0,SCRIPTED:OP6,5,0,2,3,-1,96,0.5600000023841858,1,0,0,5,0,0,0,0,0,0,0,0,0,0,0,0,0,0,0,0,32.0,6.773448944091797,-1.0,-0.5,0.014772921800613403,0.0,-1.0,-100.0,-0.20000000298023224,-0.5876551866531372
243,30264-1785293974383865100,30264,24272,0,1517,,OP3,FIXED_OPPONENT,train,map_a_open,-1,0,SCRIPTED:OP6,5,0,2,3,-1,103,0.4399999976158142,1,0,0,18,0,0,0,0,0,0,0,0,0,0,0,0,0,0,0,0,32.0,5.777368045547633,-1.0,-0.5,0.017192840576171875,0.0,-1.0,-100.0,0.0,-0.553855299949646
244,30264-1785293974383865100,30264,24624,0,1539,,OP3,FIXED_OPPONENT,train,map_a_open,-1,0,SCRIPTED:OP6,5,0,3,3,0,101,0.5999999642372131,1,0,0,4,0,0,0,0,0,0,0,0,0,0,0,0,0,0,0,0,33.0,7.802369976987933,-0.5,-0.20000000298023224,-0.009335905313491821,0.0,0.0,0.0,0.0,-0.17380109429359436
245,30264-1785293974383865100,30264,24640,0,1540,,OP3,FIXED_OPPONENT,train,map_a_open,-1,0,SCRIPTED:OP6,5,0,1,3,-2,102,0.6800000071525574,1,0,0,1,0,0,0,0,0,0,0,0,0,0,0,0,0,0,0,0,33.0,7.430249980851715,-1.0,-0.5,-0.0017690509557724,0.0,-1.0,-100.0,-0.20000000298023224,-0.5883315801620483
246,30264-1785293974383865100,30264,24720,0,1545,,OP3,FIXED_OPPONENT,train,map_a_open,-1,0,SCRIPTED:OP6,5,0,2,3,-1,100,0.47999998927116394,1,0,0,9,0,0,0,0,0,0,0,0,0,0,0,0,0,0,0,0,30.0,7.58518310546875,-1.0,-0.5,0.017069607973098755,0.019999999552965164,-1.0,-100.0,-0.20000000298023224,-0.5867420434951782
247,30264-1785293974383865100,30264,24768,0,1548,,OP3,FIXED_OPPONENT,train,map_a_open,-1,0,SCRIPTED:OP6,5,1,3,2,1,86,0.35999998450279236,1,0,0,12,0,0,0,0,0,0,0,0,0,0,0,0,0,0,0,0,27.0,5.566324278365734,1.0,0.5,-0.027529016137123108,0.03999999910593033,1.0,100.0,0.0,0.5551391839981079
248,30264-1785293974383865100,30264,24784,0,1549,,OP3,FIXED_OPPONENT,train,map_a_open,-1,0,SCRIPTED:OP6,5,0,1,3,-2,105,0.7199999690055847,1,0,0,10,0,0,0,0,0,0,0,0,0,0,0,0,0,0,0,0,33.0,7.123859514508928,-1.0,-0.5,0.016821950674057007,0.019999999552965164,-1.0,-100.0,0.0,-0.5530041456222534
249,30264-1785293974383865100,30264,24816,0,1551,,OP3,FIXED_OPPONENT,train,map_a_open,-1,0,SCRIPTED:OP6,5,1,3,2,1,87,0.5600000023841858,1,0,0,2,0,0,0,0,0,0,0,0,0,0,0,0,0,0,0,0,32.0,7.217747480019756,1.0,0.5,-0.036387503147125244,0.029999999329447746,1.0,100.0,0.0,0.5543232560157776
250,30264-1785293974383865100,30264,24816,0,1551,,OP3,FIXED_OPPONENT,train,map_a_open,-1,0,SCRIPTED:OP6,5,0,1,3,-2,104,0.5999999642372131,1,0,0,15,0,0,0,0,0,0,0,0,0,0,0,0,0,0,0,0,32.0,6.583884019118089,-1.0,-0.5,0.01676218956708908,0.0,-1.0,-100.0,-0.20000000298023224,-0.587573766708374
251,30264-1785293974383865100,30264,24976,0,1561,,OP3,FIXED_OPPONENT,train,map_a_open,-1,0,SCRIPTED:OP6,5,0,2,3,-1,102,0.5999999642372131,1,0,0,5,0,0,0,0,0,0,0,0,0,0,0,0,0,0,0,0,33.0,7.078742532169118,-1.0,-0.5,0.00530579686164856,0.0,-1.0,-100.0,0.0,-0.5543700456619263
252,30264-1785293974383865100,30264,25072,0,1567,,OP3,FIXED_OPPONENT,train,map_a_open,-1,0,SCRIPTED:OP6,5,0,1,3,-2,101,0.6399999856948853,1,0,0,7,0,0,0,0,0,0,0,0,0,0,0,0,0,0,0,0,32.0,6.853151226987933,-1.0,-0.5,-0.0011136531829833984,0.019999999552965164,-1.0,-100.0,0.0,-0.5537818670272827
253,30264-1785293974383865100,30264,25152,0,1572,,OP3,FIXED_OPPONENT,train,map_a_open,-1,0,SCRIPTED:OP6,5,1,3,2,1,86,0.47999998927116394,1,0,0,6,0,0,0,0,0,0,0,0,0,0,0,0,0,0,0,0,28.0,7.647668882857921,1.0,0.5,-0.012551963329315186,0.014999999664723873,1.0,100.0,0.0,0.5547056794166565
254,30264-1785293974383865100,30264,25280,0,1580,,OP3,FIXED_OPPONENT,train,map_a_open,-1,0,SCRIPTED:OP6,5,0,2,3,-1,100,0.5199999809265137,1,0,0,7,0,0,0,0,0,0,0,0,0,0,0,0,0,0,0,0,26.0,6.504391479492187,-1.0,-0.5,0.015579402446746826,0.0,-1.0,-100.0,-0.20000000298023224,-0.5876221656799316
255,30264-1785293974383865100,30264,25360,0,1585,,OP3,FIXED_OPPONENT,train,map_a_open,-1,0,SCRIPTED:OP6,5,0,2,3,-1,99,0.7999999523162842,1,0,0,5,0,0,0,0,0,0,0,0,0,0,0,0,0,0,0,0,35.0,6.18780517578125,-1.0,-0.5,0.017022743821144104,0.019999999552965164,-1.0,-100.0,0.0,-0.552995502948761
256,30264-1785293974383865100,30264,25520,0,1595,,OP3,FIXED_OPPONENT,train,map_a_open,-1,0,SCRIPTED:OP6,5,0,1,3,-2,97,0.5199999809265137,1,0,0,6,0,0,0,0,0,0,0,0,0,0,0,0,0,0,0,0,34.0,6.994015408545425,-1.0,-0.5,0.016474753618240356,0.019999999552965164,-1.0,-100.0,0.0,-0.5530192255973816
257,30264-1785293974383865100,30264,25664,0,1604,,OP3,FIXED_OPPONENT,train,map_a_open,-1,0,SCRIPTED:OP6,5,0,2,3,-1,103,0.5600000023841858,1,0,0,6,0,0,0,0,0,0,0,0,0,0,0,0,0,0,0,0,29.0,8.08799610323119,-1.0,-0.5,0.0037937909364700317,0.019999999552965164,-1.0,-100.0,0.0,-0.5535691976547241
258,30264-1785293974383865100,30264,25728,0,1608,,OP3,FIXED_OPPONENT,train,map_a_open,-1,0,SCRIPTED:OP6,5,0,1,3,-2,104,0.5199999809265137,0,1,0,13,0,0,0,0,0,0,0,0,0,0,0,0,0,0,0,0,30.0,6.5041668231670675,-1.0,-0.5,0.0006831735372543335,0.0,-1.0,-100.0,0.0,-0.554570198059082
259,30264-1785293974383865100,30264,25840,0,1615,,OP3,FIXED_OPPONENT,train,map_a_open,-1,0,SCRIPTED:OP6,5,1,3,2,1,98,0.6800000071525574,1,0,0,11,0,0,0,0,0,0,0,0,0,0,0,0,0,0,0,0,35.0,6.626107974928253,1.0,0.5,-0.03350627422332764,0.029999999329447746,1.0,100.0,0.0,0.5544480085372925
260,30264-1785293974383865100,30264,25968,0,1623,,OP3,FIXED_OPPONENT,train,map_a_open,-1,0,SCRIPTED:OP6,5,1,3,2,1,83,0.35999998450279236,1,0,0,6,0,0,0,0,0,0,0,0,0,0,0,0,0,0,0,0,28.0,7.1622917451054215,1.0,0.5,-0.01855318248271942,0.014999999664723873,1.0,100.0,-0.20000000298023224,0.5188595056533813
261,30264-1785293974383865100,30264,26224,0,1639,,OP3,FIXED_OPPONENT,train,map_a_open,-1,0,SCRIPTED:OP6,5,1,3,2,1,100,0.6399999856948853,0,1,0,7,0,0,0,0,0,0,0,0,0,0,0,0,0,0,0,0,38.0,7.556990356445312,1.0,0.5,-0.01627694070339203,0.014999999664723873,1.0,100.0,0.0,0.5545444488525391
262,30264-1785293974383865100,30264,26288,0,1643,,OP3,FIXED_OPPONENT,train,map_a_open,-1,0,SCRIPTED:OP6,5,1,3,2,1,94,0.5199999809265137,1,0,0,8,0,0,0,0,0,0,0,0,0,0,0,0,0,0,0,0,34.0,6.618747792345412,1.0,0.5,-0.013681083917617798,0.029999999329447746,1.0,100.0,0.0,0.5553056001663208
263,30264-1785293974383865100,30264,26336,0,1646,,OP3,FIXED_OPPONENT,train,map_a_open,-1,0,SCRIPTED:OP6,5,0,2,3,-1,101,0.7199999690055847,1,0,0,10,0,0,0,0,0,0,0,0,0,0,0,0,0,0,0,0,30.0,6.650651686262377,-1.0,-0.699999988079071,0.0064723193645477295,0.0,-1.0,-100.0,-0.20000000298023224,-0.6197478175163269
264,30264-1785293974383865100,30264,26448,0,1653,,OP3,FIXED_OPPONENT,train,map_a_open,-1,0,SCRIPTED:OP6,5,0,2,3,-1,105,0.5999999642372131,1,0,0,7,0,0,0,0,0,0,0,0,0,0,0,0,0,0,0,0,32.0,6.9979736328125,-1.0,-0.5,0.004466250538825989,0.019999999552965164,-1.0,-100.0,0.0,-0.5535401105880737
265,30264-1785293974383865100,30264,26448,0,1653,,OP3,FIXED_OPPONENT,train,map_a_open,-1,0,SCRIPTED:OP6,5,0,2,3,-1,102,0.6800000071525574,1,0,0,4,0,0,0,0,0,0,0,0,0,0,0,0,0,0,0,0,34.0,7.659901936848958,-1.0,-0.5,0.017092421650886536,0.019999999552965164,-1.0,-100.0,-0.20000000298023224,-0.5867412090301514
266,30264-1785293974383865100,30264,26464,0,1654,,OP3,FIXED_OPPONENT,train,map_a_open,-1,0,SCRIPTED:OP6,5,1,3,2,1,87,0.6399999856948853,1,0,0,4,0,0,0,0,0,0,0,0,0,0,0,0,0,0,0,0,29.0,7.5585670909662355,1.0,0.5,-0.03522351384162903,0.029999999329447746,1.0,100.0,-0.20000000298023224,0.5187832117080688
267,30264-1785293974383865100,30264,26528,0,1658,,OP3,FIXED_OPPONENT,train,map_a_open,-1,0,SCRIPTED:OP6,5,0,2,3,-1,107,0.5999999642372131,1,0,0,12,0,0,0,0,0,0,0,0,0,0,0,0,0,0,0,0,31.0,7.607530255183995,-1.0,-0.5,0.017269372940063477,0.0,-1.0,-100.0,0.0,-0.5538519620895386
268,30264-1785293974383865100,30264,26720,0,1670,,OP3,FIXED_OPPONENT,train,map_a_open,-1,0,SCRIPTED:OP6,5,1,3,2,1,75,0.5600000023841858,1,0,0,3,0,0,0,0,0,0,0,0,0,0,0,0,0,0,0,0,28.0,7.022456868489583,1.0,0.5,-0.01003865897655487,0.0,1.0,100.0,0.0,0.5541651248931885
269,30264-1785293974383865100,30264,26736,0,1671,,OP3,FIXED_OPPONENT,train,map_a_open,-1,0,SCRIPTED:OP6,5,0,2,3,-1,110,0.7199999690055847,1,0,0,8,0,0,0,0,0,0,0,0,0,0,0,0,0,0,0,0,29.0,7.385443115234375,-1.0,-0.5,0.017127856612205505,0.019999999552965164,-1.0,-100.0,0.0,-0.5529909133911133
270,30264-1785293974383865100,30264,26768,0,1673,,OP3,FIXED_OPPONENT,train,map_a_open,-1,0,SCRIPTED:OP6,5,1,3,2,1,101,0.5999999642372131,1,0,0,17,0,0,0,0,0,0,0,0,0,0,0,0,0,0,0,0,30.0,7.104481309947401,1.0,0.5,-0.03276665508747101,0.014999999664723873,1.0,100.0,0.0,0.5538303852081299
271,30264-1785293974383865100,30264,26928,0,1683,,OP3,FIXED_OPPONENT,train,map_a_open,-1,0,SCRIPTED:OP6,5,0,2,3,-1,98,0.5999999642372131,1,0,0,9,0,0,0,0,0,0,0,0,0,0,0,0,0,0,0,0,35.0,7.053936393893495,-1.0,-0.5,0.012535572052001953,0.0,-1.0,-100.0,-0.20000000298023224,-0.5877466797828674
272,30264-1785293974383865100,30264,27040,0,1690,,OP3,FIXED_OPPONENT,train,map_a_open,-1,0,SCRIPTED:OP6,5,0,2,3,-1,110,0.5999999642372131,1,0,0,24,0,0,0,0,0,0,0,0,0,0,0,0,0,0,0,0,39.0,5.543887606534091,-1.0,-0.5,0.0031960606575012207,0.0,-1.0,-100.0,-0.20000000298023224,-0.5881286859512329
273,30264-1785293974383865100,30264,27248,0,1703,,OP3,FIXED_OPPONENT,train,map_a_open,-1,0,SCRIPTED:OP6,5,1,3,2,1,95,0.5999999642372131,1,0,0,13,0,0,0,0,0,0,0,0,0,0,0,0,0,0,0,0,28.0,6.850430458470394,1.0,0.5,-0.010328158736228943,0.014999999664723873,1.0,100.0,0.0,0.554801881313324
274,30264-1785293974383865100,30264,27280,0,1705,,OP3,FIXED_OPPONENT,train,map_a_open,-1,0,SCRIPTED:OP6,5,0,2,3,-1,101,0.6800000071525574,1,0,0,9,0,0,0,0,0,0,0,0,0,0,0,0,0,0,0,0,35.0,7.225865732325186,-1.0,-0.699999988079071,0.007041275501251221,0.0,-1.0,-100.0,-0.20000000298023224,-0.6197258830070496
275,30264-1785293974383865100,30264,27296,0,1706,,OP3,FIXED_OPPONENT,train,map_a_open,-1,0,SCRIPTED:OP6,5,1,3,2,1,91,0.5600000023841858,1,0,0,1,0,0,0,0,0,0,0,0,0,0,0,0,0,0,0,0,30.0,7.244913289835165,1.0,0.5,-0.03420265018939972,0.029999999329447746,1.0,100.0,0.0,0.5544178485870361
276,30264-1785293974383865100,30264,27664,0,1729,,OP3,FIXED_OPPONENT,train,map_a_open,-1,0,SCRIPTED:OP6,5,0,1,3,-2,106,0.6399999856948853,1,0,0,4,0,0,0,0,0,0,0,0,0,0,0,0,0,0,0,0,34.0,7.009049325619104,-1.0,-0.5,0.016346946358680725,0.019999999552965164,-1.0,-100.0,-0.4000000059604645,-0.6185964345932007
277,30264-1785293974383865100,30264,27712,0,1732,,OP3,FIXED_OPPONENT,train,map_a_open,-1,0,SCRIPTED:OP6,5,1,3,2,1,89,0.6399999856948853,1,0,0,4,0,0,0,0,0,0,0,0,0,0,0,0,0,0,0,0,29.0,6.886924486481742,1.0,0.5,0.0004703700542449951,0.0,1.0,100.0,0.0,0.554620087146759
278,30264-1785293974383865100,30264,27712,0,1732,,OP3,FIXED_OPPONENT,train,map_a_open,-1,0,SCRIPTED:OP6,5,1,3,2,1,74,0.5199999809265137,1,0,0,7,0,0,0,0,0,0,0,0,0,0,0,0,0,0,0,0,32.0,7.2329085066511825,1.0,0.0,0.005670070648193359,0.0,0.0,0.0,0.0,0.24525174498558044
279,30264-1785293974383865100,30264,27904,0,1744,,OP3,FIXED_OPPONENT,train,map_a_open,-1,0,SCRIPTED:OP6,5,1,3,2,1,91,0.6800000071525574,1,0,0,3,0,0,0,0,0,0,0,0,0,0,0,0,0,0,0,0,32.0,7.081938020475618,1.0,0.5,-0.020650118589401245,0.014999999664723873,1.0,100.0,0.0,0.5543551445007324
280,30264-1785293974383865100,30264,27952,0,1747,,OP3,FIXED_OPPONENT,train,map_a_open,-1,0,SCRIPTED:OP6,5,0,1,3,-2,94,0.47999998927116394,1,0,0,3,0,0,0,0,0,0,0,0,0,0,0,0,0,0,0,0,31.0,7.73727741647274,-1.0,-0.5,0.017043456435203552,0.0,-1.0,-100.0,0.0,-0.5538617372512817
281,30264-1785293974383865100,30264,28000,0,1750,,OP3,FIXED_OPPONENT,train,map_a_open,-1,0,SCRIPTED:OP6,5,0,2,3,-1,104,0.7199999690055847,1,0,0,10,0,0,0,0,0,0,0,0,0,0,0,0,0,0,0,0,31.0,7.17413330078125,-1.0,-0.5,0.013345733284950256,0.0,-1.0,-100.0,0.0,-0.554021954536438
282,30264-1785293974383865100,30264,28032,0,1752,,OP3,FIXED_OPPONENT,train,map_a_open,-1,0,SCRIPTED:OP6,5,0,2,3,-1,113,0.5199999809265137,1,0,0,22,0,0,0,0,0,0,0,0,0,0,0,0,0,0,0,0,29.0,6.045802293625553,-1.0,-0.5,0.008335545659065247,0.019999999552965164,-1.0,-100.0,-0.20000000298023224,-0.5870999097824097
283,30264-1785293974383865100,30264,28096,0,1756,,OP3,FIXED_OPPONENT,train,map_a_open,-1,0,SCRIPTED:OP6,5,0,2,3,-1,102,0.6800000071525574,1,0,0,14,0,0,0,0,0,0,0,0,0,0,0,0,0,0,0,0,31.0,6.886435714422488,-1.0,-0.4000000059604645,-0.008855476975440979,0.0,-1.0,-100.0,0.0,-0.5374432802200317
284,30264-1785293974383865100,30264,28368,0,1773,,OP3,FIXED_OPPONENT,train,map_a_open,-1,0,SCRIPTED:OP6,5,0,2,3,-1,102,0.6800000071525574,1,0,0,4,0,0,0,0,0,0,0,0,0,0,0,0,0,0,0,0,37.0,7.272573433670343,-1.0,-0.5,0.01610511541366577,0.019999999552965164,-1.0,-100.0,-0.20000000298023224,-0.5867816209793091
285,30264-1785293974383865100,30264,28416,0,1776,,OP3,FIXED_OPPONENT,train,map_a_open,-1,0,SCRIPTED:OP6,5,1,3,2,1,103,0.5600000023841858,1,0,0,7,0,0,0,0,0,0,0,0,0,0,0,0,0,0,0,0,35.0,8.301377972352851,1.0,0.5,-0.021907895803451538,0.014999999664723873,1.0,100.0,0.0,0.5543007254600525
286,30264-1785293974383865100,30264,28528,0,1783,,OP3,FIXED_OPPONENT,train,map_a_open,-1,0,SCRIPTED:OP6,5,0,2,3,-1,113,0.6800000071525574,1,0,0,14,0,0,0,0,0,0,0,0,0,0,0,0,0,0,0,0,28.0,6.89422607421875,-1.0,-0.5,0.017068535089492798,0.019999999552965164,-1.0,-100.0,0.0,-0.5529935359954834
287,30264-1785293974383865100,30264,28640,0,1790,,OP3,FIXED_OPPONENT,train,map_a_open,-1,0,SCRIPTED:OP6,5,0,2,3,-1,107,0.5999999642372131,1,0,0,11,0,0,0,0,0,0,0,0,0,0,0,0,0,0,0,0,32.0,6.743421893253505,-1.0,-0.5,0.016608014702796936,0.019999999552965164,-1.0,-100.0,0.0,-0.5530134439468384
288,30264-1785293974383865100,30264,28688,0,1793,,OP3,FIXED_OPPONENT,train,map_a_open,-1,0,SCRIPTED:OP6,5,0,2,3,-1,103,0.5999999642372131,1,0,0,11,0,0,0,0,0,0,0,0,0,0,0,0,0,0,0,0,32.0,7.871025011377427,-1.0,-0.5,0.00872550904750824,0.0,-1.0,-100.0,-0.20000000298023224,-0.5879025459289551
289,30264-1785293974383865100,30264,28768,0,1798,,OP3,FIXED_OPPONENT,train,map_a_open,-1,0,SCRIPTED:OP6,5,1,3,2,1,93,0.5199999809265137,1,0,0,10,0,0,0,0,0,0,0,0,0,0,0,0,0,0,0,0,30.0,6.809089906754032,1.0,0.5,-0.0022581815719604492,0.03999999910593033,1.0,100.0,-0.20000000298023224,0.5207430720329285
290,30264-1785293974383865100,30264,28848,0,1803,,OP3,FIXED_OPPONENT,train,map_a_open,-1,0,SCRIPTED:OP6,5,0,2,3,-1,100,0.5999999642372131,1,0,0,10,0,0,0,0,0,0,0,0,0,0,0,0,0,0,0,0,32.0,6.209168701171875,-1.0,-0.5,-0.001583591103553772,0.019999999552965164,-1.0,-100.0,-0.20000000298023224,-0.5875060558319092
291,30264-1785293974383865100,30264,28976,0,1811,,OP3,FIXED_OPPONENT,train,map_a_open,-1,0,SCRIPTED:OP6,5,0,2,3,-1,105,0.5600000023841858,1,0,0,10,0,0,0,0,0,0,0,0,0,0,0,0,0,0,0,0,28.0,7.087126232328869,-1.0,-0.5,0.017047986388206482,0.019999999552965164,-1.0,-100.0,-0.4000000059604645,-0.6185694336891174
292,30264-1785293974383865100,30264,29232,0,1827,,OP3,FIXED_OPPONENT,train,map_a_open,-1,0,SCRIPTED:OP6,5,0,2,3,-1,98,0.6399999856948853,1,0,0,5,0,0,0,0,0,0,0,0,0,0,0,0,0,0,0,0,30.0,6.686086849290497,-1.0,-0.5,0.014738902449607849,0.019999999552965164,-1.0,-100.0,-0.20000000298023224,-0.586837649345398
293,30264-1785293974383865100,30264,29248,0,1828,,OP3,FIXED_OPPONENT,train,map_a_open,-1,0,SCRIPTED:OP6,5,1,3,2,1,96,0.5600000023841858,1,0,0,7,0,0,0,0,0,0,0,0,0,0,0,0,0,0,0,0,29.0,7.567239761352539,1.0,0.5,-0.012531295418739319,0.014999999664723873,1.0,100.0,-0.20000000298023224,0.519134521484375
294,30264-1785293974383865100,30264,29264,0,1829,,OP3,FIXED_OPPONENT,train,map_a_open,-1,0,SCRIPTED:OP6,5,0,2,3,-1,97,0.7199999690055847,1,0,0,9,0,0,0,0,0,0,0,0,0,0,0,0,0,0,0,0,31.0,6.895656939634343,-1.0,-0.5,0.017091721296310425,0.019999999552965164,-1.0,-100.0,-0.4000000059604645,-0.618567705154419
295,30264-1785293974383865100,30264,29360,0,1835,,OP3,FIXED_OPPONENT,train,map_a_open,-1,0,SCRIPTED:OP6,5,1,3,2,1,83,0.5600000023841858,1,0,0,12,0,0,0,0,0,0,0,0,0,0,0,0,0,0,0,0,26.0,6.946218467620482,1.0,0.5,-0.010941550135612488,0.02499999850988388,1.0,100.0,-0.20000000298023224,0.5196634531021118
296,30264-1785293974383865100,30264,29408,0,1838,,OP3,FIXED_OPPONENT,train,map_a_open,-1,0,SCRIPTED:OP6,5,0,2,3,-1,94,0.6399999856948853,1,0,0,7,0,0,0,0,0,0,0,0,0,0,0,0,0,0,0,0,29.0,7.1083984375,-1.0,-0.5,0.011798068881034851,0.0,-1.0,-100.0,0.0,-0.5540889501571655
297,30264-1785293974383865100,30264,29440,0,1840,,OP3,FIXED_OPPONENT,train,map_a_open,-1,0,SCRIPTED:OP6,5,0,2,3,-1,93,0.5199999809265137,1,0,0,7,0,0,0,0,0,0,0,0,0,0,0,0,0,0,0,0,29.0,7.167999595724126,-1.0,-0.5,0.017109453678131104,0.019999999552965164,-1.0,-100.0,0.0,-0.5529916882514954
298,30264-1785293974383865100,30264,29488,0,1843,,OP3,FIXED_OPPONENT,train,map_a_open,-1,0,SCRIPTED:OP6,5,1,3,2,1,87,0.47999998927116394,1,0,0,14,0,0,0,0,0,0,0,0,0,0,0,0,0,0,0,0,29.0,6.575230390176006,1.0,0.5,-0.035894230008125305,0.029999999329447746,1.0,100.0,0.0,0.554344654083252
299,30264-1785293974383865100,30264,29632,0,1852,,OP3,FIXED_OPPONENT,train,map_a_open,-1,0,SCRIPTED:OP6,5,0,2,3,-1,102,0.5600000023841858,1,0,0,3,0,0,0,0,0,0,0,0,0,0,0,0,0,0,0,0,34.0,7.361577052696078,-1.0,0.0,-0.010101988911628723,0.0,0.0,0.0,0.0,-0.24551205337047577
300,30264-1785293974383865100,30264,29968,0,1873,,OP3,FIXED_OPPONENT,train,map_a_open,-1,0,SCRIPTED:OP6,5,0,2,3,-1,97,0.7199999690055847,1,0,0,3,0,0,0,0,0,0,0,0,0,0,0,0,0,0,0,0,31.0,6.788484239086662,-1.0,-0.5,0.01715552806854248,0.019999999552965164,-1.0,-100.0,-0.20000000298023224,-0.5867385268211365
301,30264-1785293974383865100,30264,30000,0,1875,,OP3,FIXED_OPPONENT,train,map_a_open,-1,0,SCRIPTED:OP6,5,0,2,3,-1,102,0.47999998927116394,1,0,0,13,0,0,0,0,0,0,0,0,0,0,0,0,0,0,0,0,33.0,6.253707586550245,-1.0,-0.5,0.01722334325313568,0.0,-1.0,-100.0,-0.20000000298023224,-0.5875548124313354
302,30264-1785293974383865100,30264,30176,0,1886,,OP3,FIXED_OPPONENT,train,map_a_open,-1,0,SCRIPTED:OP6,5,1,3,2,1,88,0.5600000023841858,1,0,0,15,0,0,0,0,0,0,0,0,0,0,0,0,0,0,0,0,34.0,5.982233914462003,1.0,0.5,-0.008023232221603394,0.02499999850988388,1.0,100.0,0.0,0.5553339719772339
303,30264-1785293974383865100,30264,30192,0,1887,,OP3,FIXED_OPPONENT,train,map_a_open,-1,0,SCRIPTED:OP6,5,1,3,2,1,94,0.5600000023841858,1,0,0,6,0,0,0,0,0,0,0,0,0,0,0,0,0,0,0,0,35.0,7.793990114901928,1.0,0.5,-0.00895296037197113,0.029999999329447746,1.0,100.0,0.0,0.5555099248886108
304,30264-1785293974383865100,30264,30224,0,1889,,OP3,FIXED_OPPONENT,train,map_a_open,-1,0,SCRIPTED:OP6,5,0,2,3,-1,99,0.5600000023841858,1,0,0,10,0,0,0,0,0,0,0,0,0,0,0,0,0,0,0,0,31.0,6.713064482717803,-1.0,-0.5,0.005167752504348755,0.0,-1.0,-100.0,0.0,-0.5543760657310486
305,30264-1785293974383865100,30264,30256,0,1891,,OP3,FIXED_OPPONENT,train,map_a_open,-1,0,SCRIPTED:OP6,5,0,2,3,-1,108,0.7199999690055847,1,0,0,5,0,0,0,0,0,0,0,0,0,0,0,0,0,0,0,0,29.0,7.785636054144965,-1.0,-0.5,0.013023316860198975,0.019999999552965164,-1.0,-100.0,-0.20000000298023224,-0.5869079232215881
306,30264-1785293974383865100,30264,30384,0,1899,,OP3,FIXED_OPPONENT,train,map_a_open,-1,0,SCRIPTED:OP6,5,1,3,2,1,96,0.7199999690055847,1,0,0,9,0,0,0,0,0,0,0,0,0,0,0,0,0,0,0,0,27.0,7.953695933024089,1.0,0.5,-0.03766867518424988,0.02499999850988388,1.0,100.0,0.0,0.5540512800216675
307,30264-1785293974383865100,30264,30624,0,1914,,OP3,FIXED_OPPONENT,train,map_a_open,-1,0,SCRIPTED:OP6,5,1,3,2,1,86,0.5600000023841858,1,0,0,13,0,0,0,0,0,0,0,0,0,0,0,0,0,0,0,0,28.0,6.562442513399346,1.0,0.5,-0.010358572006225586,0.0,1.0,100.0,0.0,0.5541512966156006
308,30264-1785293974383865100,30264,30640,0,1915,,OP3,FIXED_OPPONENT,train,map_a_open,-1,0,SCRIPTED:OP6,5,1,3,2,1,104,0.5199999809265137,1,0,0,14,0,0,0,0,0,0,0,0,0,0,0,0,0,0,0,0,36.0,7.649873586801382,1.0,0.5,-0.03315448760986328,0.02499999850988388,1.0,100.0,0.0,0.5542467832565308
309,30264-1785293974383865100,30264,30928,0,1933,,OP3,FIXED_OPPONENT,train,map_a_open,-1,0,SCRIPTED:OP6,5,0,1,3,-2,106,0.5999999642372131,1,0,0,11,0,0,0,0,0,0,0,0,0,0,0,0,0,0,0,0,35.0,6.471202922317217,-1.0,-0.5,0.016913816332817078,0.019999999552965164,-1.0,-100.0,-0.20000000298023224,-0.586748480796814
310,30264-1785293974383865100,30264,30928,0,1933,,OP3,FIXED_OPPONENT,train,map_a_open,-1,0,SCRIPTED:OP6,5,1,3,2,1,90,0.47999998927116394,1,0,0,8,0,0,0,0,0,0,0,0,0,0,0,0,0,0,0,0,29.0,7.412379964192708,1.0,0.5,-0.02457946538925171,0.03999999910593033,1.0,100.0,0.0,0.5552667379379272
311,30264-1785293974383865100,30264,30976,0,1936,,OP3,FIXED_OPPONENT,train,map_a_open,-1,0,SCRIPTED:OP6,5,1,3,2,1,101,0.6800000071525574,1,0,0,11,0,0,0,0,0,0,0,0,0,0,0,0,0,0,0,0,34.0,6.8930241046565595,1.0,0.30000001192092896,-0.033131927251815796,0.02499999850988388,1.0,100.0,0.0,0.5186503529548645
312,30264-1785293974383865100,30264,31024,0,1939,,OP3,FIXED_OPPONENT,train,map_a_open,-1,0,SCRIPTED:OP6,5,1,3,2,1,87,0.47999998927116394,1,0,0,15,0,0,0,0,0,0,0,0,0,0,0,0,0,0,0,0,27.0,6.410394076643319,1.0,0.5,0.0019261687994003296,0.02499999850988388,1.0,100.0,0.0,0.5557639002799988
313,30264-1785293974383865100,30264,31056,0,1941,,OP3,FIXED_OPPONENT,train,map_a_open,-1,0,SCRIPTED:OP6,5,1,3,2,1,101,0.7199999690055847,1,0,0,3,0,0,0,0,0,0,0,0,0,0,0,0,0,0,0,0,38.0,8.194896735767326,1.0,0.5,-0.03684268891811371,0.029999999329447746,1.0,100.0,0.0,0.5543035268783569
314,30264-1785293974383865100,30264,31088,0,1943,,OP3,FIXED_OPPONENT,train,map_a_open,-1,0,SCRIPTED:OP6,5,0,2,3,-1,114,0.6800000071525574,1,0,0,14,0,0,0,0,0,0,0,0,0,0,0,0,0,0,0,0,36.0,5.785818534984923,-1.0,-0.5,0.017265841364860535,0.019999999552965164,-1.0,-100.0,-0.20000000298023224,-0.5867340564727783
315,30264-1785293974383865100,30264,31104,0,1944,,OP3,FIXED_OPPONENT,train,map_a_open,-1,0,SCRIPTED:OP6,5,0,2,3,-1,106,0.5999999642372131,1,0,0,12,0,0,0,0,0,0,0,0,0,0,0,0,0,0,0,0,37.0,6.306845035193102,-1.0,-0.5,0.012738227844238281,0.0,-1.0,-100.0,-0.20000000298023224,-0.5877383947372437
316,30264-1785293974383865100,30264,31584,0,1974,,OP3,FIXED_OPPONENT,train,map_a_open,-1,0,SCRIPTED:OP6,5,0,2,3,-1,101,0.6800000071525574,1,0,0,18,0,0,0,0,0,0,0,0,0,0,0,0,0,0,0,0,31.0,6.167933095799814,-1.0,-0.5,0.01230272650718689,0.0,-1.0,-100.0,-0.20000000298023224,-0.5877561569213867
317,30264-1785293974383865100,30264,31680,0,1980,,OP3,FIXED_OPPONENT,train,map_a_open,-1,0,SCRIPTED:OP6,5,0,2,3,-1,105,0.7199999690055847,1,0,0,13,0,0,0,0,0,0,0,0,0,0,0,0,0,0,0,0,34.0,6.764950125558036,-1.0,-0.5,0.002176910638809204,0.019999999552965164,-1.0,-100.0,0.0,-0.5536392331123352
318,30264-1785293974383865100,30264,31744,0,1984,,OP3,FIXED_OPPONENT,train,map_a_open,-1,0,SCRIPTED:OP6,5,0,2,3,-1,98,0.5199999809265137,1,0,0,9,0,0,0,0,0,0,0,0,0,0,0,0,0,0,0,0,31.0,6.528634830397003,-1.0,-0.5,0.009880498051643372,0.019999999552965164,-1.0,-100.0,-0.20000000298023224,-0.5870367288589478
319,30264-1785293974383865100,30264,31872,0,1992,,OP3,FIXED_OPPONENT,train,map_a_open,-1,0,SCRIPTED:OP6,5,0,2,3,-1,101,0.5199999809265137,1,0,0,9,0,0,0,0,0,0,0,0,0,0,0,0,0,0,0,0,31.0,7.293591187732054,-1.0,-0.699999988079071,0.01679512858390808,0.019999999552965164,-1.0,-100.0,-0.20000000298023224,-0.6185791492462158
320,30264-1785293974383865100,30264,31904,0,1994,,OP3,FIXED_OPPONENT,train,map_a_open,-1,0,SCRIPTED:OP6,5,0,2,3,-1,107,0.5600000023841858,1,0,0,8,0,0,0,0,0,0,0,0,0,0,0,0,0,0,0,0,35.0,7.511491722035631,-1.0,-0.4000000059604645,-0.009037211537361145,0.0,-1.0,-100.0,-0.20000000298023224,-0.5720500946044922
321,30264-1785293974383865100,30264,32096,0,2006,,OP3,FIXED_OPPONENT,train,map_a_open,-1,0,SCRIPTED:OP6,5,1,3,2,1,91,0.47999998927116394,1,0,0,6,0,0,0,0,0,0,0,0,0,0,0,0,0,0,0,0,27.0,7.162937709263393,1.0,0.5,-0.018400490283966064,0.02499999850988388,1.0,100.0,0.0,0.5548852682113647
322,30264-1785293974383865100,30264,32128,0,2008,,OP3,FIXED_OPPONENT,train,map_a_open,-1,0,SCRIPTED:OP6,5,0,2,3,-1,109,0.6399999856948853,1,0,0,4,0,0,0,0,0,0,0,0,0,0,0,0,0,0,0,0,38.0,7.352354277164564,-1.0,-0.5,0.017241090536117554,0.0,-1.0,-100.0,-0.20000000298023224,-0.5875540971755981
323,30264-1785293974383865100,30264,32160,0,2010,,OP3,FIXED_OPPONENT,train,map_a_open,-1,0,SCRIPTED:OP6,5,0,2,3,-1,121,0.6399999856948853,1,0,0,7,0,0,0,0,0,0,0,0,0,0,0,0,0,0,0,0,35.0,6.374314993866219,-1.0,-0.5,-0.0006822645664215088,0.0,-1.0,-100.0,0.0,-0.5546293258666992
324,30264-1785293974383865100,30264,32256,0,2016,,OP3,FIXED_OPPONENT,train,map_a_open,-1,0,SCRIPTED:OP6,5,1,3,2,1,83,0.5199999809265137,1,0,0,3,0,0,0,0,0,0,0,0,0,0,0,0,0,0,0,0,35.0,6.281687541180347,1.0,0.5,-0.0006195902824401855,0.0,1.0,100.0,0.0,0.5545729398727417
325,30264-1785293974383865100,30264,32272,0,2017,,OP3,FIXED_OPPONENT,train,map_a_open,-1,0,SCRIPTED:OP6,5,1,3,2,1,81,0.4399999976158142,1,0,0,9,0,0,0,0,0,0,0,0,0,0,0,0,0,0,0,0,29.0,6.500766330295139,1.0,1.0,-0.014891669154167175,0.04999999701976776,2.0,200.0,0.0,0.7625141739845276
326,30264-1785293974383865100,30264,32304,0,2019,,OP3,FIXED_OPPONENT,train,map_a_open,-1,0,SCRIPTED:OP6,5,0,2,3,-1,105,0.6800000071525574,1,0,0,13,0,0,0,0,0,0,0,0,0,0,0,0,0,0,0,0,35.0,6.854237583705357,-1.0,-0.5,0.012287169694900513,0.0,-1.0,-100.0,0.0,-0.5540677309036255
327,30264-1785293974383865100,30264,32352,0,2022,,OP3,FIXED_OPPONENT,train,map_a_open,-1,0,SCRIPTED:OP6,5,1,3,2,1,81,0.47999998927116394,1,0,0,6,0,0,0,0,0,0,0,0,0,0,0,0,0,0,0,0,27.0,6.410823869116513,1.0,0.5,-0.007861942052841187,0.0,1.0,100.0,0.0,0.5542594194412231
328,30264-1785293974383865100,30264,32352,0,2022,,OP3,FIXED_OPPONENT,train,map_a_open,-1,0,SCRIPTED:OP6,5,1,3,2,1,79,0.5600000023841858,1,0,0,6,0,0,0,0,0,0,0,0,0,0,0,0,0,0,0,0,31.0,7.675334688983386,1.0,0.5,-0.00813494622707367,0.0,1.0,100.0,0.0,0.5542476177215576
329,30264-1785293974383865100,30264,32496,0,2031,,OP3,FIXED_OPPONENT,train,map_a_open,-1,0,SCRIPTED:OP6,5,0,2,3,-1,98,0.5199999809265137,1,0,0,6,0,0,0,0,0,0,0,0,0,0,0,0,0,0,0,0,33.0,7.107571348852041,-1.0,-0.5,0.01590888202190399,0.019999999552965164,-1.0,-100.0,0.0,-0.5530438423156738
330,30264-1785293974383865100,30264,32688,0,2043,,OP3,FIXED_OPPONENT,train,map_a_open,-1,0,SCRIPTED:OP6,5,0,2,3,-1,104,0.5199999809265137,1,0,0,7,0,0,0,0,0,0,0,0,0,0,0,0,0,0,0,0,30.0,6.933542691744291,-1.0,-0.5,-0.010289758443832397,0.0,-1.0,-100.0,-0.20000000298023224,-0.5886796712875366
331,30264-1785293974383865100,30264,32768,0,2048,,OP3,FIXED_OPPONENT,train,map_a_open,-1,0,SCRIPTED:OP6,5,0,2,3,-1,104,0.5199999809265137,1,0,0,3,0,0,0,0,0,0,0,0,0,0,0,0,0,0,0,0,36.0,8.07334723839393,-1.0,-0.5,0.014423832297325134,0.019999999552965164,-1.0,-100.0,0.0,-0.5531082153320312
