episode_id,run_id,run_pid,timesteps,policy_update,rollout_step,latent_z,curriculum_phase,mode,map_set,map_layout,map_id,map_vertical_mirror,opponent,opponent_id,success,blue_score,red_score,win_margin,decision_steps,zone_coverage,collision_free_episode,collision_events_per_episode,obstacle_collision_events_per_episode,near_misses_per_episode,blue_route_upper_crossings,blue_route_lower_crossings,red_route_upper_crossings,red_route_lower_crossings,blue_attack_upper_crossings,blue_attack_lower_crossings,blue_return_upper_crossings,blue_return_lower_crossings,blue_intercept_upper_crossings,blue_intercept_lower_crossings,red_attack_upper_crossings,red_attack_lower_crossings,red_return_upper_crossings,red_return_lower_crossings,red_intercept_upper_crossings,red_intercept_lower_crossings,time_to_first_score,mean_inter_robot_dist,reward_terminal,reward_offense,reward_pbrs,reward_team,reward_sparse,reward_sparse_points,reward_failure,reward_total
1,38380-1784643025968537200,38380,1049244,16,167,2,OP3,OPPONENT_POOL,train,map_b_split_lane_v2,1,0,SCRIPTED:OP8,7,0,2,3,-1,167,0.5600000023841858,1,0,5,19,3,9,5,16,2,4,0,3,1,2,1,2,2,2,2,8,45.0,7.485063564277695,-1.149999976158142,-0.4666813015937805,0.003956899046897888,0.019999999552965164,-1.0,-100.0,0.0,-0.5734666585922241
2,38380-1784643025968537200,38380,1049320,16,186,0,OP3,OPPONENT_POOL,train,map_b_split_lane,0,0,SCRIPTED:OP8,7,1,3,2,1,186,0.8399999737739563,0,1,10,22,3,11,18,8,3,2,0,3,0,5,2,1,4,0,10,5,56.0,7.778368221816196,1.149999976158142,0.5305085778236389,-0.008005619049072266,0.04999999701976776,1.0,100.0,0.0,0.5867871046066284
3,38380-1784643025968537200,38380,1049428,16,213,3,OP3,OPPONENT_POOL,train,map_b_split_lane,0,1,SCRIPTED:OP8,7,1,3,1,2,213,0.7599999904632568,1,0,20,39,5,11,14,21,2,2,1,2,2,7,0,2,2,3,10,11,74.0,7.386194936546362,1.2999999523162842,0.5054395794868469,-0.02813561260700226,0.029999999329447746,1.0,100.0,-0.20000000298023224,0.5726630091667175
4,38380-1784643025968537200,38380,1049504,16,232,1,OP3,OPPONENT_POOL,train,map_b_split_lane,0,1,SCRIPTED:OP8,7,0,2,3,-1,232,0.7999999523162842,0,1,24,45,9,5,16,9,3,2,1,2,4,1,2,0,3,3,9,5,62.0,7.924019122945851,-1.149999976158142,-0.47402703762054443,0.0038941651582717896,0.019999999552965164,-1.0,-100.0,-0.20000000298023224,-0.6072248220443726
5,38380-1784643025968537200,38380,1049844,17,61,1,OP3,OPPONENT_POOL,train,map_b_split_lane,0,1,SCRIPTED:OP12,11,1,3,2,1,131,0.7199999690055847,0,3,5,41,9,3,6,5,3,1,2,1,3,1,1,0,1,2,2,3,35.0,6.929034284052958,1.149999976158142,0.6616148948669434,0.009400472044944763,0.029999999329447746,1.0,100.0,-0.20000000298023224,0.5752714276313782
6,38380-1784643025968537200,38380,1049912,17,78,3,OP3,OPPONENT_POOL,train,map_b_split_lane,0,0,SCRIPTED:OP11,10,1,3,2,1,167,0.7599999904632568,0,2,10,55,2,10,4,17,1,3,0,3,1,2,1,1,2,2,1,11,45.0,6.284826587060254,1.149999976158142,0.5991740822792053,-0.028775513172149658,0.029999999329447746,1.0,100.0,-0.20000000298023224,0.5631061792373657
7,38380-1784643025968537200,38380,1050188,17,147,0,OP3,OPPONENT_POOL,train,map_b_split_lane_v2,1,0,SCRIPTED:OP8,7,1,3,2,1,190,0.3999999761581421,1,0,5,25,0,18,3,15,0,5,0,3,0,9,1,2,2,2,0,7,46.0,7.2626708984375,1.149999976158142,0.5231905579566956,0.0019114315509796143,0.02499999850988388,1.0,100.0,0.0,0.5849664211273193
8,38380-1784643025968537200,38380,1050436,17,209,2,OP3,OPPONENT_POOL,train,map_b_split_lane_v2,1,0,SCRIPTED:OP8,7,0,2,3,-1,148,0.6399999856948853,1,0,3,24,1,13,6,13,1,3,0,3,0,7,0,2,4,1,2,6,47.0,7.06905138170397,-1.149999976158142,-0.46888190507888794,0.005871579051017761,0.019999999552965164,-1.0,-100.0,0.0,-0.5737555027008057
9,38380-1784643025968537200,38380,1050464,17,216,2,OP3,OPPONENT_POOL,train,map_b_split_lane_v2,1,0,SCRIPTED:OP9,8,1,1,0,1,240,0.7599999904632568,1,0,7,126,2,27,4,6,2,13,0,1,0,0,2,1,0,0,1,3,91.0,6.178532409667969,1.149999976158142,0.0,0.015423834323883057,0.0,0.0,0.0,-0.20000000298023224,0.2340443879365921
10,38380-1784643025968537200,38380,1050504,17,226,0,OP3,OPPONENT_POOL,train,map_b_split_lane_v2,1,0,SCRIPTED:OP11,10,0,2,3,-1,148,0.47999998927116394,1,0,5,34,0,14,3,20,0,6,0,3,0,4,2,0,1,2,0,15,45.0,6.4700651426573055,-1.149999976158142,-0.4677284359931946,0.006316378712654114,0.019999999552965164,-1.0,-100.0,0.0,-0.5735434293746948
11,38380-1784643025968537200,38380,1050792,18,42,1,OP3,OPPONENT_POOL,train,map_b_split_lane_v2,1,0,SCRIPTED:OP10,9,1,3,0,3,151,0.7199999690055847,0,4,7,63,2,16,2,12,1,7,0,3,1,1,2,2,0,1,0,6,35.0,5.947920035052773,1.4500000476837158,0.5946505665779114,0.004878222942352295,0.02499999850988388,1.0,100.0,0.0,0.6428582668304443
12,38380-1784643025968537200,38380,1051052,18,107,1,OP3,OPPONENT_POOL,train,map_b_split_lane_v2,1,0,SCRIPTED:OP11,10,0,3,3,0,137,0.7199999690055847,1,0,3,18,1,13,3,10,0,2,0,3,1,7,0,2,3,2,0,5,46.0,6.69515968935333,-0.5,0.19499993324279785,-0.0086507648229599,0.0,0.0,0.0,0.0,-0.07664010673761368
13,38380-1784643025968537200,38380,1051084,18,115,3,OP3,OPPONENT_POOL,train,map_b_split_lane_v2,1,1,SCRIPTED:OP11,10,0,2,3,-1,155,0.5999999642372131,1,0,4,44,9,7,14,3,4,4,2,1,2,0,1,0,3,0,7,3,44.0,5.874881473664314,-1.149999976158142,-0.4667474031448364,0.005994096398353577,0.019999999552965164,-1.0,-100.0,-0.20000000298023224,-0.6059916019439697
14,38380-1784643025968537200,38380,1051172,18,137,3,OP3,OPPONENT_POOL,train,map_b_split_lane_v2,1,1,SCRIPTED:OP8,7,1,3,2,1,184,0.6399999856948853,0,1,3,32,7,5,11,9,2,1,2,1,3,2,2,0,2,4,7,3,51.0,7.110541302224864,1.149999976158142,0.5335076451301575,0.0017734915018081665,0.03999999910593033,1.0,100.0,-0.20000000298023224,0.5535516738891602
15,38380-1784643025968537200,38380,1051300,18,169,2,OP3,OPPONENT_POOL,train,map_b_split_lane,0,0,SCRIPTED:OP9,8,1,3,0,3,127,0.6399999856948853,1,0,1,70,1,13,3,12,1,1,0,3,0,8,1,1,0,3,1,4,58.0,5.29475799320251,1.4500000476837158,0.6742817163467407,-0.03641151636838913,0.014999999664723873,1.0,100.0,0.0,0.6525529623031616
16,38380-1784643025968537200,38380,1051648,18,256,0,OP3,OPPONENT_POOL,train,map_b_split_lane_v2,1,1,SCRIPTED:OP12,11,0,2,3,-1,119,0.5999999642372131,0,1,5,55,12,1,10,1,6,1,3,0,1,0,1,1,3,0,4,0,36.0,5.878651338465073,-1.149999976158142,-0.47264808416366577,0.009026795625686646,0.019999999552965164,-1.0,-100.0,0.0,-0.5742546319961548
17,38380-1784643025968537200,38380,1052012,19,91,2,OP3,OPPONENT_POOL,train,map_b_split_lane,0,1,SCRIPTED:OP9,8,0,1,1,0,240,0.6399999856948853,0,1,11,105,21,4,9,1,10,1,1,0,1,1,3,0,1,0,2,1,92.0,6.158047485351562,-0.5,0.0,0.010809391736984253,0.0,0.0,0.0,0.0,-0.12368781119585037
18,38380-1784643025968537200,38380,1052044,19,99,0,OP3,OPPONENT_POOL,train,map_b_split_lane_v2,1,1,SCRIPTED:OP9,8,1,1,0,1,240,0.6800000071525574,0,1,8,136,7,23,3,5,4,11,0,1,0,0,1,1,0,0,0,2,202.0,6.243619791666666,1.149999976158142,0.0,0.001254051923751831,0.0,0.0,0.0,-0.20000000298023224,0.2332071214914322
19,38380-1784643025968537200,38380,1052260,19,153,3,OP3,OPPONENT_POOL,train,map_b_split_lane,0,1,SCRIPTED:OP9,8,0,0,0,0,240,0.7999999523162842,0,2,11,123,5,22,1,9,4,10,0,0,0,0,0,5,0,0,1,0,,6.463636779785157,-0.5,0.0,-0.003183335065841675,0.0,0.0,0.0,-0.20000000298023224,-0.17342814803123474
20,38380-1784643025968537200,38380,1052480,19,208,3,OP3,OPPONENT_POOL,train,map_b_split_lane_v2,1,0,SCRIPTED:OP9,8,1,3,1,2,117,0.5999999642372131,0,2,10,56,1,11,3,12,0,2,0,3,1,4,2,0,0,3,1,6,40.0,5.70854982555422,1.2999999523162842,0.6927326917648315,-0.0009970366954803467,0.029999999329447746,1.0,100.0,0.0,0.6351464986801147
21,38380-1784643025968537200,38380,1052512,19,216,1,OP3,OPPONENT_POOL,train,map_b_split_lane,0,1,SCRIPTED:OP8,7,1,3,1,2,216,0.7999999523162842,1,0,17,39,3,11,8,19,1,1,0,3,2,6,1,1,5,3,0,10,66.0,7.1059084291811345,1.2999999523162842,0.5109979510307312,-0.034039534628391266,0.029999999329447746,1.0,100.0,0.0,0.6059503555297852
22,38380-1784643025968537200,38380,1052816,20,36,1,OP3,OPPONENT_POOL,train,map_b_split_lane,0,0,SCRIPTED:OP8,7,0,2,3,-1,193,0.6399999856948853,1,0,10,21,5,11,4,15,4,3,0,3,0,5,0,3,3,0,0,8,61.0,8.593020108079664,-1.149999976158142,-0.46919459104537964,0.008796647191047668,0.019999999552965164,-1.0,-100.0,-0.4000000059604645,-0.6369346380233765
23,38380-1784643025968537200,38380,1052908,20,59,0,OP3,OPPONENT_POOL,train,map_b_split_lane,0,1,SCRIPTED:OP12,11,0,2,3,-1,107,0.7199999690055847,0,1,3,58,4,5,1,7,2,1,0,2,1,2,0,1,0,3,1,3,35.0,6.7067528840537385,-1.149999976158142,-0.4788854122161865,0.013538762927055359,0.019999999552965164,-1.0,-100.0,0.0,-0.5751100778579712
24,38380-1784643025968537200,38380,1053084,20,103,0,OP3,OPPONENT_POOL,train,map_b_split_lane,0,1,SCRIPTED:OP8,7,1,3,1,2,206,0.7599999904632568,0,2,13,35,5,7,15,10,3,1,1,2,0,4,1,1,1,2,10,6,66.0,7.231349315458131,1.2999999523162842,1.0288076400756836,0.011198043823242188,0.029999999329447746,2.0,200.0,0.0,0.7949638366699219
25,38380-1784643025968537200,38380,1053400,20,182,2,OP3,OPPONENT_POOL,train,map_b_split_lane,0,0,SCRIPTED:OP11,10,1,3,2,1,146,0.5600000023841858,1,0,9,30,0,12,2,13,0,4,0,3,0,5,0,1,2,1,0,8,52.0,7.329685995023545,1.149999976158142,0.6067307591438293,-0.007320046424865723,0.04999999701976776,1.0,100.0,0.0,0.5991692543029785
26,38380-1784643025968537200,38380,1053472,20,200,2,OP3,OPPONENT_POOL,train,map_b_split_lane,0,1,SCRIPTED:OP9,8,0,0,0,0,240,0.7199999690055847,0,3,8,108,17,10,12,2,9,5,0,0,0,0,6,1,0,0,1,0,,6.620393880208334,-0.5,0.0,0.002498805522918701,0.0,0.0,0.0,-0.20000000298023224,-0.17308366298675537
27,38380-1784643025968537200,38380,1053576,20,226,1,OP3,OPPONENT_POOL,train,map_b_split_lane,0,1,SCRIPTED:OP11,10,1,3,1,2,167,0.7199999690055847,1,0,16,43,5,7,2,15,3,2,1,2,1,1,0,1,1,2,1,10,57.0,7.035964691710329,1.2999999523162842,0.5990123748779297,-0.024378225207328796,0.029999999329447746,1.0,100.0,-0.20000000298023224,0.5883275866508484
