episode_id,run_id,run_pid,timesteps,policy_update,rollout_step,latent_z,curriculum_phase,mode,map_set,map_layout,map_id,map_vertical_mirror,opponent,opponent_id,success,blue_score,red_score,win_margin,decision_steps,zone_coverage,collision_free_episode,collision_events_per_episode,obstacle_collision_events_per_episode,near_misses_per_episode,blue_route_upper_crossings,blue_route_lower_crossings,red_route_upper_crossings,red_route_lower_crossings,blue_attack_upper_crossings,blue_attack_lower_crossings,blue_return_upper_crossings,blue_return_lower_crossings,blue_intercept_upper_crossings,blue_intercept_lower_crossings,red_attack_upper_crossings,red_attack_lower_crossings,red_return_upper_crossings,red_return_lower_crossings,red_intercept_upper_crossings,red_intercept_lower_crossings,time_to_first_score,mean_inter_robot_dist,reward_terminal,reward_offense,reward_pbrs,reward_team,reward_sparse,reward_sparse_points,reward_failure,reward_total
1,20712-1785293974410362700,20712,1808,0,113,,OP3,FIXED_OPPONENT,train,map_b_split_lane,-1,0,SCRIPTED:OP9,8,1,3,2,1,113,0.5999999642372131,0,2,2,41,1,12,2,10,0,3,0,3,1,4,1,1,1,1,0,6,36.0,5.433600231609513,1.0,0.5,-0.00449100136756897,0.0,1.0,100.0,0.0,0.5544053316116333
2,20712-1785293974410362700,20712,1824,0,114,,OP3,FIXED_OPPONENT,train,map_b_split_lane,-1,1,SCRIPTED:OP9,8,1,3,1,2,114,0.6399999856948853,1,0,10,15,2,6,9,3,1,1,1,2,0,2,2,0,1,0,4,3,48.0,7.8725537751850325,1.0,0.5,-0.005189791321754456,0.0,1.0,100.0,0.0,0.5543751120567322
3,20712-1785293974410362700,20712,1936,0,121,,OP3,FIXED_OPPONENT,train,map_b_split_lane,-1,1,SCRIPTED:OP9,8,1,3,1,2,121,0.7199999690055847,1,0,9,36,1,12,2,12,1,4,0,3,0,2,1,0,0,1,1,9,36.0,5.3211246206740705,1.0,0.5,-0.0031630098819732666,0.0,1.0,100.0,-0.20000000298023224,0.5188773274421692
4,20712-1785293974410362700,20712,2016,0,126,,OP3,FIXED_OPPONENT,train,map_b_split_lane,-1,0,SCRIPTED:OP9,8,1,3,0,3,126,0.5999999642372131,1,0,9,37,1,9,0,13,1,4,0,3,0,0,0,2,0,0,0,9,75.0,6.1322752937438,1.0,0.5,-0.009103462100028992,0.0,1.0,100.0,-0.20000000298023224,0.5186060070991516
5,20712-1785293974410362700,20712,2032,0,127,,OP3,FIXED_OPPONENT,train,map_b_split_lane,-1,1,SCRIPTED:OP9,8,1,3,1,2,127,0.7599999904632568,1,0,1,17,2,8,8,3,1,3,0,3,0,1,3,0,1,0,4,2,44.0,8.238481176181102,1.0,0.5,-0.005654945969581604,0.0,1.0,100.0,-0.20000000298023224,0.518763542175293
6,20712-1785293974410362700,20712,2096,0,131,,OP3,FIXED_OPPONENT,train,map_b_split_lane,-1,0,SCRIPTED:OP9,8,1,3,1,2,131,0.7599999904632568,0,2,16,45,2,13,4,6,1,4,0,3,0,4,2,0,1,0,0,4,40.0,5.908961172322281,1.0,0.5,-0.0008231550455093384,0.0,1.0,100.0,0.0,0.5545641183853149
7,20712-1785293974410362700,20712,2528,0,158,,OP3,FIXED_OPPONENT,train,map_b_split_lane,-1,1,SCRIPTED:OP9,8,1,3,0,3,158,0.7199999690055847,1,0,11,51,3,11,0,10,3,4,0,3,0,0,0,0,0,0,0,10,32.0,6.050975171825554,1.0,0.5,-0.002222031354904175,0.0,1.0,100.0,-0.4000000059604645,0.4814431071281433
8,20712-1785293974410362700,20712,2768,0,173,,OP3,FIXED_OPPONENT,train,map_b_split_lane,-1,1,SCRIPTED:OP9,8,1,3,1,2,173,0.8399999737739563,1,0,5,26,11,5,14,6,3,3,2,2,2,0,5,0,0,1,6,3,50.0,6.470840013096098,1.0,0.5,-0.009270504117012024,0.0,1.0,100.0,0.0,0.5541983842849731
9,20712-1785293974410362700,20712,2816,0,176,,OP3,FIXED_OPPONENT,train,map_b_split_lane,-1,0,SCRIPTED:OP9,8,1,3,0,3,176,0.7599999904632568,1,0,11,36,9,13,2,14,5,6,0,3,0,0,0,4,0,0,0,8,54.0,5.988682140003551,1.0,0.5,-0.003397315740585327,0.0,1.0,100.0,-0.20000000298023224,0.5188665986061096
10,20712-1785293974410362700,20712,2832,0,177,,OP3,FIXED_OPPONENT,train,map_b_split_lane,-1,1,SCRIPTED:OP9,8,1,3,2,1,177,0.7199999690055847,0,1,14,58,3,15,2,14,1,6,1,2,1,2,0,5,0,2,2,3,42.0,5.6048735710187145,1.0,0.5,-0.008866488933563232,0.0,1.0,100.0,0.0,0.5542159080505371
11,20712-1785293974410362700,20712,3616,0,226,,OP3,FIXED_OPPONENT,train,map_b_split_lane,-1,0,SCRIPTED:OP9,8,1,3,1,2,99,0.7199999690055847,0,1,1,19,3,5,0,8,2,0,0,3,1,2,0,0,0,1,0,6,33.0,5.784664886166351,1.0,0.4000000059604645,-0.009222373366355896,0.02499999850988388,1.0,100.0,0.0,0.5377508997917175
12,20712-1785293974410362700,20712,3632,0,227,,OP3,FIXED_OPPONENT,train,map_b_split_lane,-1,1,SCRIPTED:OP9,8,1,3,2,1,227,0.7999999523162842,0,1,28,72,5,19,0,16,3,5,0,3,1,4,0,5,0,2,0,4,75.0,5.3367962942249445,1.0,0.5,-0.004843533039093018,0.0,1.0,100.0,-0.20000000298023224,0.5188005566596985
13,20712-1785293974410362700,20712,3712,0,232,,OP3,FIXED_OPPONENT,train,map_b_split_lane,-1,1,SCRIPTED:OP9,8,1,3,1,2,232,0.7199999690055847,0,1,9,42,1,17,12,6,0,7,0,3,1,1,6,0,0,1,0,5,111.0,7.279718333277209,1.0,0.5,0.0020555108785629272,0.0,1.0,100.0,0.0,0.5546887516975403
14,20712-1785293974410362700,20712,4176,0,261,,OP3,FIXED_OPPONENT,train,map_b_split_lane,-1,1,SCRIPTED:OP9,8,1,3,1,2,261,0.7999999523162842,0,1,10,40,5,18,8,10,2,8,0,3,1,1,4,1,0,1,0,5,150.0,6.643799763529693,1.0,0.5,0.0066696107387542725,0.0,1.0,100.0,0.0,0.5548883676528931
15,20712-1785293974410362700,20712,4432,0,277,,OP3,FIXED_OPPONENT,train,map_b_split_lane,-1,1,SCRIPTED:OP9,8,1,3,1,2,146,0.5600000023841858,1,0,10,32,8,3,13,5,4,1,2,1,0,1,3,0,0,1,9,2,67.0,5.645128223994007,1.0,0.5,-0.008616447448730469,0.0,1.0,100.0,0.0,0.5542267560958862
16,20712-1785293974410362700,20712,4576,0,286,,OP3,FIXED_OPPONENT,train,map_b_split_lane,-1,0,SCRIPTED:OP9,8,1,3,2,1,172,0.9199999570846558,1,0,7,58,4,17,0,15,2,5,0,3,1,3,0,3,0,2,0,7,96.0,5.364017930141715,1.0,0.5,-0.006075933575630188,0.0,1.0,100.0,0.0,0.554336667060852
17,20712-1785293974410362700,20712,5024,0,314,,OP3,FIXED_OPPONENT,train,map_b_split_lane,-1,0,SCRIPTED:OP9,8,1,3,1,2,156,0.7599999904632568,1,0,2,32,1,12,1,13,1,5,0,3,0,1,0,3,1,0,0,6,82.0,6.122319148137019,1.0,0.5,-0.010226339101791382,0.0,1.0,100.0,-0.20000000298023224,0.5185546875
18,20712-1785293974410362700,20712,5296,0,331,,OP3,FIXED_OPPONENT,train,map_b_split_lane,-1,0,SCRIPTED:OP9,8,1,3,0,3,210,0.7599999904632568,1,0,9,36,1,17,13,7,1,8,0,3,0,0,5,0,0,0,6,4,106.0,6.727544294084821,1.0,0.5,-0.004884056746959686,0.0,1.0,100.0,0.0,0.5543882846832275
19,20712-1785293974410362700,20712,5296,0,331,,OP3,FIXED_OPPONENT,train,map_b_split_lane,-1,1,SCRIPTED:OP9,8,1,3,0,3,331,0.8399999737739563,1,0,26,64,14,28,4,22,6,15,2,1,0,0,1,7,0,0,2,8,158.0,5.8281493403040034,1.0,0.5,-0.004648879170417786,0.0,1.0,100.0,0.0,0.5543985366821289
20,20712-1785293974410362700,20712,5424,0,339,,OP3,FIXED_OPPONENT,train,map_b_split_lane,-1,1,SCRIPTED:OP9,8,1,3,1,2,113,0.6800000071525574,1,0,7,42,8,5,10,3,4,1,1,2,1,1,2,0,1,0,6,3,34.0,5.819887414442754,1.0,0.5,-0.009418100118637085,0.0,1.0,100.0,0.0,0.554192066192627
21,20712-1785293974410362700,20712,6384,0,399,,OP3,FIXED_OPPONENT,train,map_b_split_lane,-1,1,SCRIPTED:OP9,8,1,3,2,1,226,0.7999999523162842,0,1,16,59,9,14,2,13,3,6,2,1,1,2,1,4,0,2,1,4,157.0,5.8005965241288715,1.0,0.5,-0.007684260606765747,0.0,1.0,100.0,0.0,0.5542670488357544
22,20712-1785293974410362700,20712,6400,0,400,,OP3,FIXED_OPPONENT,train,map_b_split_lane,-1,1,SCRIPTED:OP9,8,1,2,1,1,400,0.8799999952316284,0,1,43,94,22,25,6,20,11,10,2,0,0,4,1,10,1,0,2,1,190.0,6.21968994140625,1.0,0.0,0.015210330486297607,0.0,0.0,0.0,0.0,0.2458120584487915
23,20712-1785293974410362700,20712,6400,0,400,,OP3,FIXED_OPPONENT,train,map_b_split_lane,-1,1,SCRIPTED:OP9,8,1,2,0,2,400,0.7999999523162842,1,0,30,122,9,27,16,8,7,12,0,2,0,0,8,1,0,0,0,3,113.0,6.4630810546875,1.0,0.0,-0.000874936580657959,0.0,0.0,0.0,-0.20000000298023224,0.1973227709531784
24,20712-1785293974410362700,20712,6816,0,426,,OP3,FIXED_OPPONENT,train,map_b_split_lane,-1,1,SCRIPTED:OP9,8,1,3,2,1,194,0.8399999737739563,0,1,9,78,8,10,5,9,3,2,0,3,2,2,2,0,0,2,0,6,92.0,5.47315082353415,1.0,0.5,-0.007185757160186768,0.0,1.0,100.0,-0.20000000298023224,0.5186935663223267
25,20712-1785293974410362700,20712,6832,0,427,,OP3,FIXED_OPPONENT,train,map_b_split_lane,-1,1,SCRIPTED:OP9,8,1,3,2,1,141,0.6800000071525574,0,2,8,68,2,14,5,7,0,4,0,3,2,4,1,0,2,0,0,6,49.0,5.44159541569703,1.0,0.5,-0.007449552416801453,0.0,1.0,100.0,-0.20000000298023224,0.518681526184082
26,20712-1785293974410362700,20712,7040,0,440,,OP3,FIXED_OPPONENT,train,map_b_split_lane,-1,0,SCRIPTED:OP9,8,1,3,1,2,314,0.8399999737739563,1,0,18,93,8,27,1,25,4,12,0,3,0,3,0,9,1,0,0,8,33.0,5.88844717232285,1.0,0.5,-0.005857720971107483,0.0,1.0,100.0,-0.20000000298023224,0.518754243850708
27,20712-1785293974410362700,20712,7488,0,468,,OP3,FIXED_OPPONENT,train,map_b_split_lane,-1,1,SCRIPTED:OP9,8,1,3,1,2,191,0.7999999523162842,1,0,8,44,8,9,1,17,3,4,0,3,2,0,0,4,1,0,0,9,62.0,5.986455947316754,1.0,0.5,-0.0028778761625289917,0.0,1.0,100.0,0.0,0.5544751882553101
28,20712-1785293974410362700,20712,7664,0,479,,OP3,FIXED_OPPONENT,train,map_b_split_lane,-1,1,SCRIPTED:OP9,8,1,3,0,3,79,0.6800000071525574,1,0,2,10,5,4,3,7,3,2,1,2,0,0,0,2,0,0,3,4,38.0,7.4296720480617084,1.0,0.5,-0.0044805556535720825,0.0,1.0,100.0,0.0,0.5544058084487915
29,20712-1785293974410362700,20712,7744,0,484,,OP3,FIXED_OPPONENT,train,map_b_split_lane,-1,0,SCRIPTED:OP9,8,1,3,1,2,170,0.7599999904632568,0,1,10,53,2,14,6,8,1,5,0,3,1,2,3,1,0,1,1,4,42.0,6.026380112591911,1.0,0.5,-0.005550399422645569,0.0,1.0,100.0,-0.20000000298023224,0.518768310546875
30,20712-1785293974410362700,20712,7952,0,497,,OP3,FIXED_OPPONENT,train,map_b_split_lane,-1,1,SCRIPTED:OP9,8,1,3,2,1,384,0.9199999570846558,0,2,26,105,27,14,29,4,11,5,2,1,4,2,12,0,1,1,6,2,46.0,5.87906010945638,1.0,0.5,-0.010289713740348816,0.0,1.0,100.0,0.0,0.5541542172431946
31,20712-1785293974410362700,20712,8096,0,506,,OP3,FIXED_OPPONENT,train,map_b_split_lane,-1,0,SCRIPTED:OP9,8,1,3,1,2,279,0.8399999737739563,1,0,19,63,7,24,1,23,5,9,0,3,0,2,0,8,1,0,0,6,60.0,6.121129189768145,1.0,0.5,-0.00852338969707489,0.0,1.0,100.0,0.0,0.5542307496070862
32,20712-1785293974410362700,20712,8352,0,522,,OP3,FIXED_OPPONENT,train,map_b_split_lane,-1,0,SCRIPTED:OP9,8,1,3,1,2,191,0.7999999523162842,1,0,7,38,1,20,9,5,1,8,0,3,0,3,4,0,0,1,1,3,43.0,6.972881856389071,1.0,0.5,-0.004595145583152771,0.0,1.0,100.0,-0.20000000298023224,0.5188118815422058
33,20712-1785293974410362700,20712,8464,0,529,,OP3,FIXED_OPPONENT,train,map_b_split_lane,-1,0,SCRIPTED:OP9,8,1,3,2,1,353,0.8799999952316284,0,2,29,72,9,37,9,9,4,16,0,3,1,3,4,0,0,2,1,5,102.0,5.99884292559313,1.0,0.5,-0.00067119300365448,0.0,1.0,100.0,-0.20000000298023224,0.5189911127090454
34,20712-1785293974410362700,20712,8480,0,530,,OP3,FIXED_OPPONENT,train,map_b_split_lane,-1,1,SCRIPTED:OP9,8,1,3,2,1,191,0.8399999737739563,0,1,8,59,9,11,11,7,3,4,1,2,3,1,4,0,1,1,2,4,49.0,6.171830262189136,1.0,0.5,0.0035932064056396484,0.0,1.0,100.0,0.0,0.5547552108764648
35,20712-1785293974410362700,20712,8944,0,559,,OP3,FIXED_OPPONENT,train,map_b_split_lane,-1,1,SCRIPTED:OP9,8,1,3,1,2,382,0.8399999737739563,1,0,20,93,12,29,7,29,6,13,1,2,1,1,0,13,1,0,5,4,175.0,6.13704086223822,1.0,0.5,-0.01065431535243988,0.0,1.0,100.0,0.0,0.5541384816169739
36,20712-1785293974410362700,20712,9472,0,592,,OP3,FIXED_OPPONENT,train,map_b_split_lane,-1,1,SCRIPTED:OP9,8,1,3,1,2,331,0.7999999523162842,0,1,27,74,11,21,4,24,6,8,1,2,0,3,0,11,0,1,4,4,136.0,6.3549081854229605,1.0,0.5,-0.006939977407455444,0.0,1.0,100.0,0.0,0.5542992949485779
37,20712-1785293974410362700,20712,9568,0,598,,OP3,FIXED_OPPONENT,train,map_b_split_lane,-1,1,SCRIPTED:OP9,8,1,3,0,3,92,0.7199999690055847,1,0,6,15,5,3,8,4,2,2,2,1,0,0,1,0,0,0,5,4,33.0,6.022975092348845,1.0,0.5,0.004917815327644348,0.0,1.0,100.0,0.0,0.554812490940094
38,20712-1785293974410362700,20712,9824,0,614,,OP3,FIXED_OPPONENT,train,map_b_split_lane,-1,0,SCRIPTED:OP9,8,1,3,1,2,174,0.6399999856948853,0,1,5,85,6,14,2,11,3,5,0,3,2,1,1,1,0,1,0,7,31.0,5.7922935047368895,1.0,0.5,-0.007965877652168274,0.0,1.0,100.0,-0.20000000298023224,0.518657922744751
39,20712-1785293974410362700,20712,10096,0,631,,OP3,FIXED_OPPONENT,train,map_b_split_lane,-1,0,SCRIPTED:OP9,8,1,3,2,1,163,0.7599999904632568,0,2,4,50,6,10,8,7,2,3,0,3,1,3,3,0,2,0,1,5,89.0,6.025411968582247,1.0,0.5,-0.005603104829788208,0.0,1.0,100.0,0.0,0.5543571710586548
40,20712-1785293974410362700,20712,10112,0,632,,OP3,FIXED_OPPONENT,train,map_b_split_lane,-1,0,SCRIPTED:OP9,8,1,3,2,1,301,0.8799999952316284,0,1,26,103,7,25,1,27,4,10,0,3,1,1,0,8,1,1,0,8,193.0,5.795809622222799,1.0,0.30000001192092896,-0.004188716411590576,0.0,1.0,100.0,-0.20000000298023224,0.4813486933708191
41,20712-1785293974410362700,20712,10112,0,632,,OP3,FIXED_OPPONENT,train,map_b_split_lane,-1,0,SCRIPTED:OP9,8,1,3,1,2,206,0.7999999523162842,1,0,26,52,2,20,6,8,1,9,0,3,0,1,3,0,1,0,0,7,45.0,6.214320506864381,1.0,0.5,-0.005659520626068115,0.0,1.0,100.0,-0.20000000298023224,0.5187633037567139
42,20712-1785293974410362700,20712,10544,0,659,,OP3,FIXED_OPPONENT,train,map_b_split_lane,-1,1,SCRIPTED:OP9,8,1,3,1,2,100,0.7199999690055847,1,0,7,22,7,5,2,6,1,2,1,2,4,0,0,1,0,1,2,3,38.0,6.216712646484375,1.0,0.5,-0.010202229022979736,0.0,1.0,100.0,0.0,0.554158091545105
43,20712-1785293974410362700,20712,10880,0,680,,OP3,FIXED_OPPONENT,train,map_b_split_lane,-1,1,SCRIPTED:OP9,8,1,3,1,2,196,0.8799999952316284,0,1,10,38,5,14,12,4,2,6,1,2,0,2,4,0,1,0,2,4,96.0,6.5954490194515305,1.0,0.5,0.008580818772315979,0.0,1.0,100.0,0.0,0.5549709796905518
44,20712-1785293974410362700,20712,10992,0,687,,OP3,FIXED_OPPONENT,train,map_b_split_lane,-1,0,SCRIPTED:OP9,8,1,3,0,3,208,0.9199999570846558,0,1,11,78,7,13,1,21,5,4,0,3,0,1,0,7,1,0,0,8,80.0,5.857699467585637,1.0,0.5,0.006461650133132935,0.0,1.0,100.0,0.0,0.5548793077468872
45,20712-1785293974410362700,20712,11008,0,688,,OP3,FIXED_OPPONENT,train,map_b_split_lane,-1,1,SCRIPTED:OP9,8,1,3,1,2,96,0.7199999690055847,1,0,10,13,3,5,3,4,1,1,0,3,1,1,1,0,1,0,0,3,36.0,6.880771001180013,1.0,0.5,0.0026673227548599243,0.0,1.0,100.0,0.0,0.5547151565551758
46,20712-1785293974410362700,20712,11312,0,707,,OP3,FIXED_OPPONENT,train,map_b_split_lane,-1,0,SCRIPTED:OP9,8,1,3,2,1,109,0.7199999690055847,0,1,4,18,1,10,4,7,1,2,0,3,0,3,1,0,1,1,0,5,33.0,5.543571822140195,1.0,0.5,0.0026929378509521484,0.0,1.0,100.0,0.0,0.5547162294387817
47,20712-1785293974410362700,20712,11584,0,724,,OP3,FIXED_OPPONENT,train,map_b_split_lane,-1,0,SCRIPTED:OP9,8,1,3,0,3,324,0.7599999904632568,1,0,21,83,5,30,6,16,3,15,0,3,0,0,3,1,0,0,0,12,33.0,5.8469517083815585,1.0,0.5,-0.008832961320877075,0.0,1.0,100.0,0.0,0.5542173981666565
48,20712-1785293974410362700,20712,12016,0,751,,OP3,FIXED_OPPONENT,train,map_b_split_lane,-1,0,SCRIPTED:OP9,8,1,3,1,2,254,0.6800000071525574,0,1,4,109,2,26,1,23,1,12,0,3,0,1,0,7,1,0,0,12,152.0,5.397125484436516,1.0,0.5,-0.008059412240982056,0.0,1.0,100.0,0.0,0.5542508959770203
49,20712-1785293974410362700,20712,12016,0,751,,OP3,FIXED_OPPONENT,train,map_b_split_lane,-1,1,SCRIPTED:OP9,8,1,3,2,1,221,0.7199999690055847,0,1,14,63,11,16,12,4,4,5,1,2,1,5,4,0,2,0,3,3,148.0,5.873235227835124,1.0,0.5,0.008723005652427673,0.0,1.0,100.0,0.0,0.5549770593643188
50,20712-1785293974410362700,20712,12512,0,782,,OP3,FIXED_OPPONENT,train,map_b_split_lane,-1,0,SCRIPTED:OP9,8,1,3,1,2,123,0.7199999690055847,1,0,7,45,0,12,1,6,0,5,0,3,0,1,0,1,1,0,0,4,52.0,5.229934816438008,1.0,0.5,-0.005516067147254944,0.0,1.0,100.0,0.0,0.5543609857559204
51,20712-1785293974410362700,20712,12688,0,793,,OP3,FIXED_OPPONENT,train,map_b_split_lane,-1,0,SCRIPTED:OP9,8,1,3,0,3,179,0.8399999737739563,0,2,13,56,4,16,2,10,3,7,0,3,0,0,1,0,0,0,1,7,41.0,5.636895376876746,1.0,0.4000000059604645,-0.0045923590660095215,0.04999999701976776,1.0,100.0,-0.20000000298023224,0.5026441812515259
52,20712-1785293974410362700,20712,12704,0,794,,OP3,FIXED_OPPONENT,train,map_b_split_lane,-1,0,SCRIPTED:OP9,8,1,3,2,1,272,0.7999999523162842,1,0,19,54,17,19,2,17,8,4,0,3,3,6,0,5,1,1,0,5,32.0,5.8316026575425095,1.0,0.5,-0.006307050585746765,0.0,1.0,100.0,0.0,0.5543267130851746
53,20712-1785293974410362700,20712,12768,0,798,,OP3,FIXED_OPPONENT,train,map_b_split_lane,-1,1,SCRIPTED:OP9,8,1,3,2,1,399,0.8799999952316284,1,0,33,120,33,15,2,12,15,4,0,3,4,2,0,3,2,0,0,6,312.0,5.949279938126566,1.0,0.5,-0.007764995098114014,0.0,1.0,100.0,-0.20000000298023224,0.5186671018600464
54,20712-1785293974410362700,20712,12768,0,798,,OP3,FIXED_OPPONENT,train,map_b_split_lane,-1,1,SCRIPTED:OP9,8,1,3,1,2,371,0.8799999952316284,0,4,19,133,12,31,2,31,6,14,2,1,1,1,0,12,0,1,2,6,120.0,5.64445228268194,1.0,0.5,0.008164599537849426,0.0,1.0,100.0,0.0,0.5549529790878296
55,20712-1785293974410362700,20712,12816,0,801,,OP3,FIXED_OPPONENT,train,map_b_split_lane,-1,1,SCRIPTED:OP9,8,1,3,1,2,94,0.5199999809265137,1,0,3,30,1,7,1,6,1,1,0,3,0,2,0,1,1,0,0,5,39.0,5.433432721077128,1.0,0.5,0.0006140768527984619,0.0,1.0,100.0,0.0,0.5546263456344604
56,20712-1785293974410362700,20712,13264,0,829,,OP3,FIXED_OPPONENT,train,map_b_split_lane,-1,1,SCRIPTED:OP9,8,1,3,0,3,141,0.7199999690055847,0,1,4,34,3,9,10,12,2,4,0,3,0,0,5,0,0,0,2,9,47.0,6.783097503878546,1.0,0.5,-0.0014732778072357178,0.0,1.0,100.0,0.0,0.554535984992981
57,20712-1785293974410362700,20712,13552,0,847,,OP3,FIXED_OPPONENT,train,map_b_split_lane,-1,1,SCRIPTED:OP9,8,1,3,1,2,160,0.5999999642372131,1,0,6,33,0,13,6,12,0,5,0,3,0,2,3,1,1,0,0,10,52.0,6.92694320678711,1.0,0.5,-0.000759318470954895,0.0,1.0,100.0,0.0,0.5545668601989746
58,20712-1785293974410362700,20712,13776,0,861,,OP3,FIXED_OPPONENT,train,map_b_split_lane,-1,0,SCRIPTED:OP9,8,1,3,1,2,332,0.8799999952316284,0,2,28,123,4,36,1,26,3,15,0,3,0,2,0,9,1,0,0,11,240.0,5.687697077371988,1.0,0.5,-0.0080881267786026,0.0,1.0,100.0,0.0,0.55424964427948
59,20712-1785293974410362700,20712,14048,0,878,,OP3,FIXED_OPPONENT,train,map_b_split_lane,-1,1,SCRIPTED:OP9,8,1,3,2,1,127,0.7599999904632568,1,0,3,27,7,8,4,10,4,0,1,2,0,4,0,2,2,0,2,5,52.0,6.452381043922244,1.0,0.5,0.004402980208396912,0.0,1.0,100.0,0.0,0.5547902584075928
60,20712-1785293974410362700,20712,14080,0,880,,OP3,FIXED_OPPONENT,train,map_b_split_lane,-1,0,SCRIPTED:OP9,8,1,3,1,2,156,0.7199999690055847,1,0,7,30,1,17,1,9,1,7,0,3,0,1,0,0,1,0,0,8,34.0,5.4745240822816505,1.0,0.5,-0.005119979381561279,0.0,1.0,100.0,0.0,0.5543781518936157
61,20712-1785293974410362700,20712,14480,0,905,,OP3,FIXED_OPPONENT,train,map_b_split_lane,-1,1,SCRIPTED:OP9,8,1,3,0,3,154,0.7599999904632568,0,1,7,28,2,14,8,8,2,6,0,3,0,0,3,0,0,0,3,5,95.0,6.282513110668628,1.0,0.5,-0.00503811240196228,0.0,1.0,100.0,0.0,0.5543817281723022
62,20712-1785293974410362700,20712,14576,0,911,,OP3,FIXED_OPPONENT,train,map_b_split_lane,-1,1,SCRIPTED:OP9,8,1,3,1,2,113,0.6800000071525574,1,0,4,18,6,10,8,4,2,4,2,1,0,3,1,0,0,1,5,2,36.0,5.6840631265555865,1.0,0.5,-0.00018098950386047363,0.0,1.0,100.0,-0.20000000298023224,0.519013524055481
63,20712-1785293974410362700,20712,14752,0,922,,OP3,FIXED_OPPONENT,train,map_b_split_lane,-1,0,SCRIPTED:OP9,8,1,3,0,3,242,0.7199999690055847,1,0,23,63,8,20,4,6,5,9,0,3,0,0,2,0,0,0,0,5,81.0,6.059187455610796,1.0,0.5,-0.008134618401527405,0.0,1.0,100.0,0.0,0.5542476177215576
64,20712-1785293974410362700,20712,14976,0,936,,OP3,FIXED_OPPONENT,train,map_b_split_lane,-1,1,SCRIPTED:OP9,8,1,3,0,3,305,0.9199999570846558,0,2,13,69,18,13,11,5,9,7,1,2,0,0,4,0,0,0,3,3,226.0,6.283462874615779,1.0,0.5,0.0060530900955200195,0.0,1.0,100.0,-0.20000000298023224,0.5192981362342834
65,20712-1785293974410362700,20712,15280,0,955,,OP3,FIXED_OPPONENT,train,map_b_split_lane,-1,1,SCRIPTED:OP9,8,1,3,1,2,154,0.8399999737739563,1,0,3,32,4,10,2,12,1,4,1,2,2,0,0,3,0,1,1,5,70.0,5.724217006138393,1.0,0.5,-0.005622193217277527,0.0,1.0,100.0,-0.20000000298023224,0.5187650322914124
66,20712-1785293974410362700,20712,15328,0,958,,OP3,FIXED_OPPONENT,train,map_b_split_lane,-1,1,SCRIPTED:OP9,8,1,3,1,2,165,0.8399999737739563,1,0,11,38,3,13,2,16,3,4,0,3,0,1,0,3,1,0,0,8,76.0,5.995976118607954,1.0,0.5,-0.002722993493080139,0.0,1.0,100.0,0.0,0.5544818639755249
67,20712-1785293974410362700,20712,15504,0,969,,OP3,FIXED_OPPONENT,train,map_b_split_lane,-1,1,SCRIPTED:OP9,8,1,3,1,2,337,0.8399999737739563,0,2,18,107,16,26,14,4,6,12,2,1,1,3,5,1,0,1,5,0,175.0,6.378948268267804,1.0,0.5,0.0012346208095550537,0.0,1.0,100.0,0.0,0.5546531677246094
68,20712-1785293974410362700,20712,15552,0,972,,OP3,FIXED_OPPONENT,train,map_b_split_lane,-1,1,SCRIPTED:OP9,8,1,3,1,2,125,0.7599999904632568,1,0,2,38,10,6,10,3,3,3,2,1,2,0,3,0,0,1,4,2,54.0,6.37456494140625,1.0,0.5,0.0027263760566711426,0.0,1.0,100.0,0.0,0.5547177195549011
69,20712-1785293974410362700,20712,15664,0,979,,OP3,FIXED_OPPONENT,train,map_b_split_lane,-1,0,SCRIPTED:OP9,8,1,3,0,3,181,0.6800000071525574,1,0,12,59,2,20,8,8,2,9,0,3,0,0,4,0,0,0,0,6,44.0,5.811370343793163,1.0,0.5,-0.007191941142082214,0.0,1.0,100.0,0.0,0.554288387298584
70,20712-1785293974410362700,20712,15680,0,980,,OP3,FIXED_OPPONENT,train,map_b_split_lane,-1,1,SCRIPTED:OP9,8,1,3,2,1,198,0.6800000071525574,1,0,7,40,10,10,4,12,4,3,1,2,2,1,0,4,2,0,2,3,35.0,6.205746429135101,1.0,0.5,-0.0002926439046859741,0.0,1.0,100.0,-0.20000000298023224,0.5190083980560303
71,20712-1785293974410362700,20712,16320,0,1020,,OP3,FIXED_OPPONENT,train,map_b_split_lane,-1,1,SCRIPTED:OP9,8,1,3,1,2,191,0.6800000071525574,1,0,15,37,1,23,9,7,0,10,0,3,1,1,3,0,1,0,3,6,34.0,6.143250470386126,1.0,0.5,0.006663039326667786,0.0,1.0,100.0,-0.20000000298023224,0.5193259716033936
72,20712-1785293974410362700,20712,16432,0,1027,,OP3,FIXED_OPPONENT,train,map_b_split_lane,-1,0,SCRIPTED:OP9,8,1,3,1,2,147,0.5999999642372131,1,0,8,18,0,12,5,7,0,5,0,3,0,1,2,0,0,1,0,6,81.0,7.653006417410714,1.0,0.5,0.00024177134037017822,0.0,1.0,100.0,0.0,0.5546102523803711
73,20712-1785293974410362700,20712,16512,0,1032,,OP3,FIXED_OPPONENT,train,map_b_split_lane,-1,0,SCRIPTED:OP9,8,0,2,2,0,400,0.8399999737739563,0,1,13,130,1,41,2,34,1,15,0,2,0,6,0,12,2,0,0,12,180.0,5.118346252441406,-0.5,0.0,-0.004489302635192871,0.0,0.0,0.0,0.0,-0.12462925165891647
74,20712-1785293974410362700,20712,16880,0,1055,,OP3,FIXED_OPPONENT,train,map_b_split_lane,-1,0,SCRIPTED:OP9,8,1,3,1,2,261,0.7599999904632568,1,0,9,70,10,14,13,4,5,6,0,3,2,0,3,2,0,1,6,1,36.0,6.813621550227491,1.0,0.5,-0.00793541967868805,0.0,1.0,100.0,0.0,0.5542562007904053
75,20712-1785293974410362700,20712,17248,0,1078,,OP3,FIXED_OPPONENT,train,map_b_split_lane,-1,0,SCRIPTED:OP9,8,1,3,0,3,167,0.8399999737739563,1,0,14,50,2,17,0,18,2,8,0,3,0,0,0,5,0,0,0,7,33.0,5.33339924155595,1.0,0.5,0.00012378394603729248,0.0,1.0,100.0,0.0,0.5546051263809204
76,20712-1785293974410362700,20712,17504,0,1094,,OP3,FIXED_OPPONENT,train,map_b_split_lane,-1,0,SCRIPTED:OP9,8,1,3,0,3,189,0.7999999523162842,1,0,17,36,7,14,10,8,4,7,0,3,0,0,4,1,0,0,3,4,41.0,6.466924112309854,1.0,0.5,0.00743769109249115,0.0,1.0,100.0,-0.20000000298023224,0.5193613171577454
77,20712-1785293974410362700,20712,17552,0,1097,,OP3,FIXED_OPPONENT,train,map_b_split_lane,-1,0,SCRIPTED:OP9,8,1,3,1,2,128,0.7199999690055847,1,0,7,31,2,10,6,4,2,2,0,3,0,2,2,0,1,0,0,4,35.0,5.971854209899902,1.0,0.5,-0.008003950119018555,0.0,1.0,100.0,0.0,0.5542532205581665
78,20712-1785293974410362700,20712,17840,0,1115,,OP3,FIXED_OPPONENT,train,map_b_split_lane,-1,1,SCRIPTED:OP9,8,1,3,2,1,136,0.6399999856948853,1,0,8,29,1,11,8,7,0,4,0,3,1,1,3,0,2,0,0,6,67.0,6.9934530819163605,1.0,0.5,-0.010052070021629333,0.0,1.0,100.0,0.0,0.5541645884513855
79,20712-1785293974410362700,20712,17840,0,1115,,OP3,FIXED_OPPONENT,train,map_b_split_lane,-1,1,SCRIPTED:OP9,8,1,3,0,3,254,0.8799999952316284,1,0,11,50,11,12,0,22,7,5,0,3,0,0,0,7,0,0,0,6,51.0,6.683894119863435,1.0,0.5,-0.009618893265724182,0.0,1.0,100.0,0.0,0.554183304309845
80,20712-1785293974410362700,20712,18160,0,1135,,OP3,FIXED_OPPONENT,train,map_b_split_lane,-1,1,SCRIPTED:OP9,8,1,3,0,3,177,0.6800000071525574,1,0,12,59,3,13,5,9,1,7,1,2,0,0,2,0,0,0,3,6,43.0,5.445028358933616,1.0,0.5,-0.007366165518760681,0.0,1.0,100.0,-0.20000000298023224,0.5186853408813477
81,20712-1785293974410362700,20712,18272,0,1142,,OP3,FIXED_OPPONENT,train,map_b_split_lane,-1,1,SCRIPTED:OP9,8,1,3,1,2,220,0.7599999904632568,0,2,14,78,4,18,7,9,2,7,0,3,0,2,3,0,1,0,0,7,128.0,6.209461558948863,1.0,0.5,-0.006888344883918762,0.0,1.0,100.0,-0.20000000298023224,0.5187071561813354
82,20712-1785293974410362700,20712,18512,0,1157,,OP3,FIXED_OPPONENT,train,map_b_split_lane,-1,1,SCRIPTED:OP9,8,1,3,2,1,185,0.6800000071525574,1,0,5,62,2,16,2,13,2,2,0,3,0,6,0,3,2,0,0,8,120.0,5.728883815456081,1.0,0.5,-0.007627442479133606,0.0,1.0,100.0,0.0,0.554269552230835
83,20712-1785293974410362700,20712,18528,0,1158,,OP3,FIXED_OPPONENT,train,map_b_split_lane,-1,1,SCRIPTED:OP9,8,1,3,2,1,178,0.7999999523162842,0,1,14,66,4,12,1,11,2,3,0,4,0,4,0,1,1,1,0,6,47.0,5.141045731105161,1.0,1.0,-0.004580065608024597,0.0,2.0,200.0,0.0,0.7614738941192627
84,20712-1785293974410362700,20712,18560,0,1160,,OP3,FIXED_OPPONENT,train,map_b_split_lane,-1,0,SCRIPTED:OP9,8,1,3,1,2,205,0.7999999523162842,0,1,9,69,4,16,1,23,2,7,0,3,1,0,0,7,1,0,0,8,69.0,5.592831793064025,1.0,0.5,0.004735857248306274,0.0,1.0,100.0,-0.4000000059604645,0.4817771017551422
85,20712-1785293974410362700,20712,18880,0,1180,,OP3,FIXED_OPPONENT,train,map_b_split_lane,-1,1,SCRIPTED:OP9,8,1,3,0,3,160,0.6399999856948853,1,0,8,17,6,7,3,13,5,2,1,2,0,0,0,4,0,0,2,5,70.0,6.390766906738281,1.0,0.5,-0.00924527645111084,0.0,1.0,100.0,0.0,0.5541995167732239
86,20712-1785293974410362700,20712,18976,0,1186,,OP3,FIXED_OPPONENT,train,map_b_split_lane,-1,0,SCRIPTED:OP9,8,1,3,1,2,92,0.6800000071525574,1,0,9,22,1,7,4,6,0,2,0,3,1,1,1,0,1,0,0,6,33.0,5.737810881241508,1.0,0.5,-0.008146733045578003,0.0,1.0,100.0,0.0,0.5542470812797546
87,20712-1785293974410362700,20712,19872,0,1242,,OP3,FIXED_OPPONENT,train,map_b_split_lane,-1,0,SCRIPTED:OP9,8,1,3,1,2,210,0.8799999952316284,1,0,4,55,2,18,0,19,1,7,0,3,1,1,0,5,0,1,0,7,136.0,5.833894275483631,1.0,0.5,-0.00758005678653717,0.0,1.0,100.0,-0.20000000298023224,0.5186755657196045
88,20712-1785293974410362700,20712,20096,0,1256,,OP3,FIXED_OPPONENT,train,map_b_split_lane,-1,1,SCRIPTED:OP9,8,1,3,1,2,98,0.7199999690055847,1,0,16,22,2,6,0,10,1,1,0,3,1,1,0,0,0,1,0,9,33.0,5.889176972058355,1.0,0.5,-0.00845232605934143,0.0,1.0,100.0,0.0,0.5542337894439697
89,20712-1785293974410362700,20712,20192,0,1262,,OP3,FIXED_OPPONENT,train,map_b_split_lane,-1,1,SCRIPTED:OP9,8,1,3,2,1,165,0.7199999690055847,0,2,4,41,6,10,1,12,3,1,0,3,2,3,0,4,1,1,0,4,95.0,6.77892030658144,1.0,0.5,-0.007408931851387024,0.0,1.0,100.0,0.0,0.5542790293693542
90,20712-1785293974410362700,20712,20240,0,1265,,OP3,FIXED_OPPONENT,train,map_b_split_lane,-1,0,SCRIPTED:OP9,8,1,3,1,2,150,0.7199999690055847,1,0,3,47,3,11,3,9,3,2,0,3,0,3,1,1,0,1,2,4,68.0,5.818142903645834,1.0,0.5,-0.0048694610595703125,0.0,1.0,100.0,0.0,0.5543889999389648
91,20712-1785293974410362700,20712,20448,0,1278,,OP3,FIXED_OPPONENT,train,map_b_split_lane,-1,1,SCRIPTED:OP9,8,0,2,2,0,400,0.8799999952316284,1,0,38,80,10,28,13,9,4,14,1,2,2,1,5,1,1,1,5,4,38.0,6.772081298828125,-0.5,0.0,0.011419340968132019,0.019999999552965164,0.0,0.0,-0.20000000298023224,-0.17132973670959473
92,20712-1785293974410362700,20712,20784,0,1299,,OP3,FIXED_OPPONENT,train,map_b_split_lane,-1,1,SCRIPTED:OP9,8,1,3,1,2,164,0.7599999904632568,0,2,5,75,3,15,0,14,2,5,0,3,0,3,0,3,0,1,0,7,44.0,5.482728167278011,1.0,0.5,-0.008384644985198975,0.0,1.0,100.0,0.0,0.5542367696762085
93,20712-1785293974410362700,20712,20784,0,1299,,OP3,FIXED_OPPONENT,train,map_b_split_lane,-1,1,SCRIPTED:OP9,8,1,3,0,3,244,0.8399999737739563,0,1,20,88,10,15,19,9,7,6,0,3,0,0,9,1,0,0,3,4,53.0,5.923738573418289,1.0,0.5,0.0020428895950317383,0.0,1.0,100.0,-0.20000000298023224,0.5191150903701782
94,20712-1785293974410362700,20712,20832,0,1302,,OP3,FIXED_OPPONENT,train,map_b_split_lane,-1,0,SCRIPTED:OP9,8,1,3,0,3,160,0.8399999737739563,0,1,8,48,4,10,2,14,2,5,0,3,0,0,1,3,0,0,0,8,70.0,6.438028717041016,1.0,0.5,-0.005437284708023071,0.0,1.0,100.0,0.0,0.5543643236160278
95,20712-1785293974410362700,20712,21376,0,1336,,OP3,FIXED_OPPONENT,train,map_b_split_lane,-1,0,SCRIPTED:OP9,8,0,2,2,0,400,0.8799999952316284,0,1,29,116,4,35,2,34,2,15,0,3,1,2,0,14,2,0,0,9,163.0,5.843626098632813,-0.5,0.0,0.01716524362564087,0.019999999552965164,0.0,0.0,-0.20000000298023224,-0.17098113894462585
96,20712-1785293974410362700,20712,21648,0,1353,,OP3,FIXED_OPPONENT,train,map_b_split_lane,-1,0,SCRIPTED:OP9,8,1,3,1,2,238,0.7599999904632568,1,0,18,58,3,21,6,9,3,7,0,3,0,3,3,0,0,1,1,5,33.0,6.140787589449842,1.0,0.5,0.0008942633867263794,0.0,1.0,100.0,0.0,0.5546383857727051
97,20712-1785293974410362700,20712,21664,0,1354,,OP3,FIXED_OPPONENT,train,map_b_split_lane,-1,1,SCRIPTED:OP9,8,1,3,0,3,98,0.7199999690055847,1,0,4,21,3,5,4,7,2,2,1,2,0,0,1,1,0,0,2,6,35.0,6.750108991350446,1.0,0.5,-0.004273369908332825,0.0,1.0,100.0,0.0,0.5544147491455078
98,20712-1785293974410362700,20712,21904,0,1369,,OP3,FIXED_OPPONENT,train,map_b_split_lane,-1,1,SCRIPTED:OP9,8,1,3,1,2,183,0.6800000071525574,1,0,15,59,19,3,13,3,9,1,4,0,1,1,1,1,1,0,8,0,45.0,5.891138629183743,1.0,0.5,-0.008284397423267365,0.0,1.0,100.0,0.0,0.5542411208152771
99,20712-1785293974410362700,20712,22080,0,1380,,OP3,FIXED_OPPONENT,train,map_b_split_lane,-1,1,SCRIPTED:OP9,8,1,3,1,2,118,0.7599999904632568,1,0,6,17,5,6,4,6,2,2,1,2,1,1,1,0,0,1,1,4,33.0,6.279773259567002,1.0,0.5,-0.006252989172935486,0.0,1.0,100.0,0.0,0.5543290376663208
100,20712-1785293974410362700,20712,22512,0,1407,,OP3,FIXED_OPPONENT,train,map_b_split_lane,-1,1,SCRIPTED:OP9,8,1,3,1,2,105,0.7199999690055847,1,0,10,23,3,5,6,6,2,0,1,2,0,2,1,1,0,1,5,3,41.0,5.827764601934524,1.0,0.5,-0.004362434148788452,0.0,1.0,100.0,-0.20000000298023224,0.5188225507736206
101,20712-1785293974410362700,20712,22608,0,1413,,OP3,FIXED_OPPONENT,train,map_b_split_lane,-1,0,SCRIPTED:OP9,8,1,3,2,1,253,0.8399999737739563,1,0,13,69,5,16,2,18,4,4,0,3,1,3,0,5,1,1,0,8,156.0,6.087640211987401,1.0,0.5,-0.006950512528419495,0.0,1.0,100.0,0.0,0.5542988777160645
102,20712-1785293974410362700,20712,22624,0,1414,,OP3,FIXED_OPPONENT,train,map_b_split_lane,-1,1,SCRIPTED:OP9,8,1,3,1,2,387,0.7999999523162842,0,1,28,137,11,29,6,28,4,14,2,2,1,1,0,10,1,0,4,12,134.0,5.4670176740148575,1.0,0.5,-0.0073464661836624146,0.0,1.0,100.0,-0.20000000298023224,0.5186862349510193
103,20712-1785293974410362700,20712,22688,0,1418,,OP3,FIXED_OPPONENT,train,map_b_split_lane,-1,0,SCRIPTED:OP9,8,1,3,1,2,261,0.7599999904632568,0,1,11,96,2,24,0,30,2,9,0,3,0,2,0,10,0,1,0,14,193.0,5.455451819175048,1.0,0.5,-0.006529644131660461,0.0,1.0,100.0,0.0,0.5543171167373657
104,20712-1785293974410362700,20712,22768,0,1423,,OP3,FIXED_OPPONENT,train,map_b_split_lane,-1,0,SCRIPTED:OP9,8,1,3,1,2,124,0.7599999904632568,1,0,1,47,1,9,0,10,1,2,0,3,0,2,0,0,0,1,0,8,56.0,5.089567122920867,1.0,0.5,0.007735222578048706,0.0,1.0,100.0,0.0,0.5549343824386597
105,20712-1785293974410362700,20712,22960,0,1435,,OP3,FIXED_OPPONENT,train,map_b_split_lane,-1,1,SCRIPTED:OP9,8,1,3,1,2,157,0.6399999856948853,0,1,2,54,8,6,5,7,4,2,1,2,0,1,1,1,1,0,2,4,44.0,5.692874203821656,1.0,0.5,-0.007282182574272156,0.0,1.0,100.0,-0.20000000298023224,0.5186891555786133
106,20712-1785293974410362700,20712,23200,0,1450,,OP3,FIXED_OPPONENT,train,map_b_split_lane,-1,1,SCRIPTED:OP9,8,1,3,1,2,114,0.6399999856948853,1,0,9,29,6,5,2,8,2,2,1,2,2,0,0,2,1,0,1,4,41.0,6.253420645730538,1.0,0.5,-0.0105065256357193,0.0,1.0,100.0,0.0,0.5541448593139648
107,20712-1785293974410362700,20712,23344,0,1459,,OP3,FIXED_OPPONENT,train,map_b_split_lane,-1,1,SCRIPTED:OP9,8,1,3,0,3,106,0.7999999523162842,1,0,13,8,4,5,4,4,3,2,0,3,0,0,1,0,0,0,2,4,35.0,7.068225788620283,1.0,0.5,-0.009561076760292053,0.0,1.0,100.0,0.0,0.5541857481002808
108,20712-1785293974410362700,20712,23392,0,1462,,OP3,FIXED_OPPONENT,train,map_b_split_lane,-1,1,SCRIPTED:OP9,8,1,3,0,3,163,0.7199999690055847,0,1,9,52,9,9,6,8,7,2,0,3,0,0,3,0,0,0,1,5,46.0,5.480166944258052,1.0,0.5,0.0024499744176864624,0.0,1.0,100.0,0.0,0.5547057390213013
109,20712-1785293974410362700,20712,23648,0,1478,,OP3,FIXED_OPPONENT,train,map_b_split_lane,-1,1,SCRIPTED:OP9,8,1,2,1,1,400,0.8399999737739563,1,0,21,87,28,16,7,20,13,6,1,1,2,2,0,10,0,1,5,2,97.0,6.328230590820312,1.0,0.0,0.0014379844069480896,0.0,0.0,0.0,0.0,0.24500314891338348
110,20712-1785293974410362700,20712,23776,0,1486,,OP3,FIXED_OPPONENT,train,map_b_split_lane,-1,0,SCRIPTED:OP9,8,1,3,1,2,132,0.6399999856948853,0,1,10,49,1,11,3,8,1,3,0,3,0,2,1,0,1,0,0,5,42.0,5.676788330078125,1.0,0.5,-0.007197722792625427,0.0,1.0,100.0,0.0,0.5542881488800049
111,20712-1785293974410362700,20712,23872,0,1492,,OP3,FIXED_OPPONENT,train,map_b_split_lane,-1,0,SCRIPTED:OP9,8,1,3,0,3,250,0.7999999523162842,1,0,12,53,7,13,1,21,4,6,0,3,0,0,0,6,0,0,0,11,196.0,6.78271337890625,1.0,0.5,0.003070548176765442,0.0,1.0,100.0,0.0,0.554732620716095
112,20712-1785293974410362700,20712,24064,0,1504,,OP3,FIXED_OPPONENT,train,map_b_split_lane,-1,1,SCRIPTED:OP9,8,1,3,1,2,124,0.7599999904632568,1,0,6,18,2,8,7,2,0,3,0,3,1,1,2,1,1,0,1,1,62.0,9.074026784589213,1.0,0.5,-0.0003842860460281372,0.0,1.0,100.0,0.0,0.5545830726623535
113,20712-1785293974410362700,20712,24432,0,1527,,OP3,FIXED_OPPONENT,train,map_b_split_lane,-1,1,SCRIPTED:OP9,8,1,3,1,2,120,0.7199999690055847,1,0,3,33,4,4,5,2,1,2,1,2,1,0,2,0,1,0,1,1,49.0,7.385100809733073,1.0,0.5,-0.004971101880073547,0.0,1.0,100.0,0.0,0.5543845891952515
114,20712-1785293974410362700,20712,24528,0,1533,,OP3,FIXED_OPPONENT,train,map_b_split_lane,-1,0,SCRIPTED:OP9,8,1,3,0,3,115,0.6800000071525574,0,1,5,29,5,6,3,11,4,2,0,3,0,0,1,2,0,0,1,7,35.0,6.256964907438859,1.0,0.5,-0.005197435617446899,0.0,1.0,100.0,0.0,0.5543748140335083
115,20712-1785293974410362700,20712,24592,0,1537,,OP3,FIXED_OPPONENT,train,map_b_split_lane,-1,0,SCRIPTED:OP9,8,1,3,1,2,168,0.7599999904632568,0,1,8,42,1,14,6,6,0,6,0,3,1,1,3,0,1,0,1,5,38.0,7.256368001302083,1.0,0.5,0.006618514657020569,0.0,1.0,100.0,0.0,0.5548861026763916
116,20712-1785293974410362700,20712,25056,0,1566,,OP3,FIXED_OPPONENT,train,map_b_split_lane,-1,1,SCRIPTED:OP9,8,1,3,2,1,152,0.7599999904632568,0,1,11,39,5,11,4,12,2,2,1,2,1,5,0,2,2,0,2,7,43.0,5.754195765445107,1.0,0.5,-0.00012892484664916992,0.0,1.0,100.0,0.0,0.5545941591262817
117,20712-1785293974410362700,20712,25056,0,1566,,OP3,FIXED_OPPONENT,train,map_b_split_lane,-1,1,SCRIPTED:OP9,8,1,3,1,2,104,0.6399999856948853,1,0,2,24,4,7,0,8,3,1,0,3,1,1,0,0,0,1,0,7,34.0,6.154301570012019,1.0,0.5,-0.004714161157608032,0.0,1.0,100.0,0.0,0.5543956756591797
118,20712-1785293974410362700,20712,25168,0,1573,,OP3,FIXED_OPPONENT,train,map_b_split_lane,-1,1,SCRIPTED:OP9,8,1,3,1,2,308,0.7599999904632568,0,1,24,108,17,15,1,23,10,5,0,3,0,1,0,8,1,0,0,5,57.0,6.342864990234375,1.0,1.0,-0.010255038738250732,0.0,2.0,200.0,0.0,0.7613248229026794
119,20712-1785293974410362700,20712,25280,0,1580,,OP3,FIXED_OPPONENT,train,map_b_split_lane,-1,1,SCRIPTED:OP9,8,0,0,0,0,400,0.9599999785423279,1,0,28,105,19,25,0,25,11,12,0,0,0,0,0,13,0,0,0,2,,5.8925103759765625,-0.5,0.0,-0.005060642957687378,0.0,0.0,0.0,-0.4000000059604645,-0.22157925367355347
120,20712-1785293974410362700,20712,25920,0,1620,,OP3,FIXED_OPPONENT,train,map_b_split_lane,-1,1,SCRIPTED:OP9,8,1,3,1,2,185,0.7199999690055847,1,0,13,47,13,8,5,11,7,2,2,1,1,1,0,3,0,1,5,4,71.0,6.625876266891892,1.0,0.5,-0.0030143558979034424,0.0,1.0,100.0,0.0,0.5544692277908325
121,20712-1785293974410362700,20712,26048,0,1628,,OP3,FIXED_OPPONENT,train,map_b_split_lane,-1,0,SCRIPTED:OP9,8,1,3,1,2,178,0.6800000071525574,0,4,22,53,6,17,4,12,3,7,0,3,1,1,2,1,1,0,0,9,35.0,5.745097299640098,1.0,0.5,-0.0102614164352417,0.0,1.0,100.0,0.0,0.5541554689407349
122,20712-1785293974410362700,20712,26512,0,1657,,OP3,FIXED_OPPONENT,train,map_b_split_lane,-1,1,SCRIPTED:OP9,8,1,3,2,1,120,0.5199999809265137,0,1,3,36,0,12,0,13,0,3,0,3,0,3,0,2,0,2,0,6,42.0,4.748700459798177,1.0,0.5,0.002933695912361145,0.0,1.0,100.0,0.0,0.5547266602516174
123,20712-1785293974410362700,20712,26512,0,1657,,OP3,FIXED_OPPONENT,train,map_b_split_lane,-1,1,SCRIPTED:OP9,8,1,3,0,3,244,0.7999999523162842,1,0,7,61,9,15,10,14,4,8,3,0,0,0,0,7,0,0,7,1,112.0,6.210025474673412,1.0,0.5,-0.009404182434082031,0.0,1.0,100.0,0.0,0.5541926026344299
124,20712-1785293974410362700,20712,27104,0,1694,,OP3,FIXED_OPPONENT,train,map_b_split_lane,-1,0,SCRIPTED:OP9,8,1,3,0,3,202,0.7999999523162842,0,2,13,57,3,17,1,17,2,8,0,3,0,0,1,3,0,0,0,11,87.0,5.556528827931621,1.0,0.5,-0.006131961941719055,0.0,1.0,100.0,0.0,0.554334282875061
125,20712-1785293974410362700,20712,27216,0,1701,,OP3,FIXED_OPPONENT,train,map_b_split_lane,-1,1,SCRIPTED:OP9,8,1,3,2,1,242,0.8799999952316284,0,1,19,44,10,10,18,4,4,3,1,2,2,1,5,0,1,1,11,3,45.0,6.726342571668388,1.0,0.5,-0.004763886332511902,0.0,1.0,100.0,-0.20000000298023224,0.5188042521476746
126,20712-1785293974410362700,20712,27456,0,1716,,OP3,FIXED_OPPONENT,train,map_b_split_lane,-1,1,SCRIPTED:OP9,8,1,3,0,3,212,0.7999999523162842,1,0,8,49,12,12,16,6,7,5,0,3,0,0,8,0,0,0,3,4,55.0,6.895708192069575,1.0,0.5,-0.005757823586463928,0.0,1.0,100.0,0.0,0.5543504953384399
127,20712-1785293974410362700,20712,27488,0,1718,,OP3,FIXED_OPPONENT,train,map_b_split_lane,-1,0,SCRIPTED:OP9,8,1,3,1,2,191,0.7199999690055847,0,1,7,79,2,18,0,18,1,7,0,3,0,2,0,5,0,1,0,7,122.0,4.429355801088024,1.0,0.5,-0.009107723832130432,0.0,1.0,100.0,0.0,0.5542055368423462
128,20712-1785293974410362700,20712,27568,0,1723,,OP3,FIXED_OPPONENT,train,map_b_split_lane,-1,1,SCRIPTED:OP9,8,1,3,1,2,95,0.6800000071525574,1,0,7,38,2,8,3,5,0,3,0,3,2,0,1,0,1,0,0,5,37.0,5.460099712171052,1.0,0.5,0.0032648593187332153,0.0,1.0,100.0,0.0,0.5547410249710083
129,20712-1785293974410362700,20712,27600,0,1725,,OP3,FIXED_OPPONENT,train,map_b_split_lane,-1,0,SCRIPTED:OP9,8,1,3,0,3,159,0.7199999690055847,1,0,10,45,4,12,7,9,3,5,0,3,0,0,3,1,0,0,2,6,36.0,6.522477059994104,1.0,0.5,-0.00737038254737854,0.0,1.0,100.0,-0.20000000298023224,0.5186851024627686
130,20712-1785293974410362700,20712,27776,0,1736,,OP3,FIXED_OPPONENT,train,map_b_split_lane,-1,0,SCRIPTED:OP9,8,1,3,1,2,250,0.7999999523162842,0,4,30,104,2,28,3,12,1,12,0,3,0,2,1,1,1,0,0,8,174.0,5.6125205078125,1.0,0.5,-0.008277833461761475,0.0,1.0,100.0,-0.20000000298023224,0.5186436772346497
131,20712-1785293974410362700,20712,28112,0,1757,,OP3,FIXED_OPPONENT,train,map_b_split_lane,-1,0,SCRIPTED:OP9,8,1,3,2,1,224,0.7999999523162842,1,0,12,78,1,24,2,16,1,7,0,3,0,7,0,6,2,0,0,4,76.0,5.4675140380859375,1.0,0.5,0.008211866021156311,0.0,1.0,100.0,0.0,0.554955005645752
132,20712-1785293974410362700,20712,28224,0,1764,,OP3,FIXED_OPPONENT,train,map_b_split_lane,-1,1,SCRIPTED:OP9,8,1,3,1,2,341,0.7999999523162842,1,0,20,101,8,24,12,12,6,9,0,3,0,1,6,0,0,1,1,9,279.0,5.848205745394978,1.0,0.5,-0.0030190199613571167,0.0,1.0,100.0,0.0,0.554469108581543
133,20712-1785293974410362700,20712,28320,0,1770,,OP3,FIXED_OPPONENT,train,map_b_split_lane,-1,0,SCRIPTED:OP9,8,1,3,1,2,150,0.7199999690055847,1,0,10,35,2,16,10,8,0,6,0,3,1,3,4,0,1,0,0,6,34.0,6.0891064453125,1.0,0.5,-0.007406517863273621,0.0,1.0,100.0,0.0,0.554279088973999
134,20712-1785293974410362700,20712,28528,0,1783,,OP3,FIXED_OPPONENT,train,map_b_split_lane,-1,0,SCRIPTED:OP9,8,1,3,0,3,203,0.7199999690055847,1,0,5,40,4,12,0,19,4,4,0,3,0,0,0,5,0,0,0,8,135.0,6.758318219866071,1.0,0.5,-0.007200941443443298,0.0,1.0,100.0,-0.20000000298023224,0.5186929106712341
135,20712-1785293974410362700,20712,28720,0,1795,,OP3,FIXED_OPPONENT,train,map_b_split_lane,-1,1,SCRIPTED:OP9,8,1,3,1,2,94,0.7599999904632568,1,0,4,41,5,3,8,2,1,1,2,1,1,1,1,0,1,0,5,1,33.0,6.346836171251662,1.0,0.5,0.002532586455345154,0.0,1.0,100.0,-0.20000000298023224,0.5191373825073242
136,20712-1785293974410362700,20712,28736,0,1796,,OP3,FIXED_OPPONENT,train,map_b_split_lane,-1,1,SCRIPTED:OP9,8,1,3,1,2,318,0.9199999570846558,1,0,34,92,14,26,9,5,6,11,0,3,3,1,3,0,1,0,2,5,111.0,5.6795581361782626,1.0,0.5,-0.009904883801937103,0.0,1.0,100.0,0.0,0.5541709661483765
137,20712-1785293974410362700,20712,29248,0,1828,,OP3,FIXED_OPPONENT,train,map_b_split_lane,-1,1,SCRIPTED:OP9,8,1,3,1,2,134,0.6800000071525574,1,0,5,50,2,10,0,14,2,2,0,3,0,2,0,3,0,1,0,7,55.0,6.2115842904617535,1.0,0.5,-0.00754055380821228,0.0,1.0,100.0,-0.20000000298023224,0.5186773538589478
138,20712-1785293974410362700,20712,29248,0,1828,,OP3,FIXED_OPPONENT,train,map_b_split_lane,-1,0,SCRIPTED:OP9,8,1,3,1,2,262,0.7999999523162842,1,0,8,52,6,19,13,10,4,6,0,4,0,3,6,0,0,2,1,6,46.0,6.194939300304151,1.0,0.5,-0.01935054361820221,0.014999999664723873,1.0,100.0,0.0,0.5544114112854004
139,20712-1785293974410362700,20712,29552,0,1847,,OP3,FIXED_OPPONENT,train,map_b_split_lane,-1,1,SCRIPTED:OP9,8,1,3,2,1,190,0.8399999737739563,1,0,20,40,0,17,8,10,0,4,0,3,0,7,4,1,0,2,3,5,35.0,7.163795230263158,1.0,0.5,-0.007826492190361023,0.0,1.0,100.0,0.0,0.5542609691619873
140,20712-1785293974410362700,20712,29632,0,1852,,OP3,FIXED_OPPONENT,train,map_b_split_lane,-1,1,SCRIPTED:OP9,8,1,3,1,2,279,0.8399999737739563,1,0,24,87,10,21,13,10,6,9,1,2,0,1,6,2,0,1,2,3,33.0,6.139224472866263,1.0,0.5,0.0008576512336730957,0.0,1.0,100.0,-0.20000000298023224,0.5190609097480774
141,20712-1785293974410362700,20712,29680,0,1855,,OP3,FIXED_OPPONENT,train,map_b_split_lane,-1,1,SCRIPTED:OP9,8,1,3,0,3,85,0.6399999856948853,0,1,4,15,2,4,6,6,1,2,1,2,0,0,1,0,0,0,4,6,32.0,6.387085678998162,1.0,0.5,-0.008262664079666138,0.0,1.0,100.0,0.0,0.5542420744895935
142,20712-1785293974410362700,20712,29872,0,1867,,OP3,FIXED_OPPONENT,train,map_b_split_lane,-1,0,SCRIPTED:OP9,8,1,3,0,3,103,0.7999999523162842,0,2,7,39,5,7,4,8,4,2,0,3,0,0,2,0,0,0,0,7,33.0,5.191823422330097,1.0,0.5,-0.0072434693574905396,0.0,1.0,100.0,0.0,0.5542861223220825
143,20712-1785293974410362700,20712,30240,0,1890,,OP3,FIXED_OPPONENT,train,map_b_split_lane,-1,1,SCRIPTED:OP9,8,1,3,0,3,167,0.7999999523162842,0,1,5,46,9,7,6,15,5,3,2,1,0,0,0,4,0,0,4,6,40.0,6.077772311821669,1.0,0.5,-0.006383553147315979,0.0,1.0,100.0,-0.20000000298023224,0.5187302827835083
144,20712-1785293974410362700,20712,30272,0,1892,,OP3,FIXED_OPPONENT,train,map_b_split_lane,-1,0,SCRIPTED:OP9,8,1,3,1,2,96,0.5999999642372131,0,2,10,47,1,9,4,8,0,3,0,3,1,1,1,1,1,0,0,7,34.0,5.734720230102539,1.0,0.5,-0.009233519434928894,0.0,1.0,100.0,0.0,0.5541999936103821
145,20712-1785293974410362700,20712,30448,0,1903,,OP3,FIXED_OPPONENT,train,map_b_split_lane,-1,1,SCRIPTED:OP9,8,1,3,1,2,246,0.8399999737739563,1,0,12,34,13,11,1,21,6,5,1,2,2,0,0,5,0,1,1,12,183.0,7.794950655805386,1.0,0.5,-0.009107261896133423,0.0,1.0,100.0,0.0,0.5542055368423462
146,20712-1785293974410362700,20712,30672,0,1917,,OP3,FIXED_OPPONENT,train,map_b_split_lane,-1,1,SCRIPTED:OP9,8,1,3,2,1,122,0.6800000071525574,0,1,4,27,6,6,4,5,1,1,1,2,3,2,1,0,1,1,2,3,48.0,5.917920722336065,1.0,0.5,-0.003844514489173889,0.0,1.0,100.0,0.0,0.554433286190033
147,20712-1785293974410362700,20712,30704,0,1919,,OP3,FIXED_OPPONENT,train,map_b_split_lane,-1,0,SCRIPTED:OP9,8,1,3,1,2,183,0.7199999690055847,0,1,10,74,1,20,1,15,1,6,0,3,0,5,0,3,1,1,0,8,67.0,5.0434627011825475,1.0,0.5,-0.001312941312789917,0.0,1.0,100.0,0.0,0.5545430183410645
148,20712-1785293974410362700,20712,31056,0,1941,,OP3,FIXED_OPPONENT,train,map_b_split_lane,-1,1,SCRIPTED:OP9,8,1,3,2,1,113,0.6399999856948853,1,0,1,27,1,12,3,9,0,3,0,3,1,4,0,1,2,0,0,6,39.0,5.637660743915929,1.0,0.5,-0.01036044955253601,0.0,1.0,100.0,0.0,0.554151177406311
149,20712-1785293974410362700,20712,31184,0,1949,,OP3,FIXED_OPPONENT,train,map_b_split_lane,-1,1,SCRIPTED:OP9,8,1,3,1,2,233,0.7999999523162842,1,0,9,95,9,15,5,23,5,5,1,2,0,2,0,8,1,0,2,8,112.0,5.127152733536749,1.0,0.5,-0.010324567556381226,0.0,1.0,100.0,0.0,0.55415278673172
150,20712-1785293974410362700,20712,31312,0,1957,,OP3,FIXED_OPPONENT,train,map_b_split_lane,-1,0,SCRIPTED:OP9,8,1,3,0,3,102,0.7599999904632568,1,0,5,23,1,9,4,8,1,4,0,3,0,0,2,1,0,0,0,6,41.0,6.646158854166667,1.0,0.5,-0.005576089024543762,0.0,1.0,100.0,0.0,0.5543583631515503
151,20712-1785293974410362700,20712,31392,0,1962,,OP3,FIXED_OPPONENT,train,map_b_split_lane,-1,0,SCRIPTED:OP9,8,1,3,1,2,205,0.8799999952316284,1,0,14,69,4,16,8,7,3,5,0,3,0,3,4,2,0,1,2,2,33.0,6.511364448361281,1.0,0.5,-0.00775599479675293,0.0,1.0,100.0,-0.20000000298023224,0.5186675190925598
152,20712-1785293974410362700,20712,31632,0,1977,,OP3,FIXED_OPPONENT,train,map_b_split_lane,-1,1,SCRIPTED:OP9,8,1,3,0,3,125,0.7999999523162842,1,0,6,23,6,9,7,5,3,5,2,1,0,0,0,2,0,0,6,2,72.0,6.94520654296875,1.0,0.5,-0.006684392690658569,0.0,1.0,100.0,0.0,0.5543103814125061
153,20712-1785293974410362700,20712,31776,0,1986,,OP3,FIXED_OPPONENT,train,map_b_split_lane,-1,1,SCRIPTED:OP9,8,1,3,0,3,261,0.7599999904632568,1,0,18,50,4,22,13,11,2,11,0,3,0,0,7,1,0,0,1,5,51.0,7.136665899634818,1.0,0.5,-0.005867138504981995,0.0,1.0,100.0,0.0,0.5543457865715027
154,20712-1785293974410362700,20712,32032,0,2002,,OP3,FIXED_OPPONENT,train,map_b_split_lane,-1,1,SCRIPTED:OP9,8,1,3,0,3,85,0.7599999904632568,1,0,2,12,4,4,7,3,1,3,2,1,0,0,0,1,0,0,7,1,35.0,6.825759708180147,1.0,0.5,-0.003248155117034912,0.0,1.0,100.0,0.0,0.5544590950012207
155,20712-1785293974410362700,20712,32288,0,2018,,OP3,FIXED_OPPONENT,train,map_b_split_lane,-1,0,SCRIPTED:OP9,8,1,3,1,2,99,0.6800000071525574,1,0,9,30,2,9,0,8,2,2,0,3,0,3,0,0,0,1,0,7,36.0,6.003484552556818,1.0,0.5,-0.007443681359291077,0.0,1.0,100.0,0.0,0.5542775392532349
156,20712-1785293974410362700,20712,32560,0,2035,,OP3,FIXED_OPPONENT,train,map_b_split_lane,-1,1,SCRIPTED:OP9,8,1,3,1,2,317,0.8399999737739563,1,0,17,64,17,13,15,7,9,5,1,2,0,1,6,1,0,1,5,3,76.0,6.7534010252365935,1.0,0.5,0.0016777515411376953,0.0,1.0,100.0,0.0,0.5546722412109375
157,20712-1785293974410362700,20712,32640,0,2040,,OP3,FIXED_OPPONENT,train,map_b_split_lane,-1,0,SCRIPTED:OP9,8,1,3,0,3,257,0.7999999523162842,1,0,27,55,7,23,16,6,4,11,0,3,0,0,4,0,0,0,9,3,48.0,6.892513527480545,1.0,0.5,-0.0032158643007278442,0.0,1.0,100.0,-0.20000000298023224,0.5188749432563782
