episode_id,run_id,run_pid,timesteps,policy_update,rollout_step,latent_z,curriculum_phase,mode,map_set,map_layout,map_id,map_vertical_mirror,opponent,opponent_id,success,blue_score,red_score,win_margin,decision_steps,zone_coverage,collision_free_episode,collision_events_per_episode,obstacle_collision_events_per_episode,near_misses_per_episode,blue_route_upper_crossings,blue_route_lower_crossings,red_route_upper_crossings,red_route_lower_crossings,blue_attack_upper_crossings,blue_attack_lower_crossings,blue_return_upper_crossings,blue_return_lower_crossings,blue_intercept_upper_crossings,blue_intercept_lower_crossings,red_attack_upper_crossings,red_attack_lower_crossings,red_return_upper_crossings,red_return_lower_crossings,red_intercept_upper_crossings,red_intercept_lower_crossings,time_to_first_score,mean_inter_robot_dist,reward_terminal,reward_offense,reward_pbrs,reward_team,reward_sparse,reward_sparse_points,reward_failure,reward_total
1,24536-1783338503310490800,24536,1057536,21,120,1,OP3,OPPONENT_POOL,train,map_b_split_lane_v2,1,0,SCRIPTED:OP8,7,0,2,3,-1,120,0.5199999809265137,0,2,3,24,2,8,7,9,2,2,0,2,0,4,2,0,3,0,0,7,52.0,6.544407653808594,-1.149999976158142,-0.5,-0.0013483166694641113,0.0,-1.0,-100.0,0.0,-0.5800807476043701
2,24536-1783338503310490800,24536,1057568,21,121,0,OP3,OPPONENT_POOL,train,map_b_split_lane_v2,1,0,SCRIPTED:OP8,7,0,2,3,-1,121,0.7599999904632568,1,0,2,16,4,5,6,8,2,2,0,2,2,1,2,0,1,2,1,4,44.0,7.523634224883781,-1.149999976158142,-0.5,0.015834122896194458,0.0,-1.0,-100.0,0.0,-0.5793676376342773
3,24536-1783338503310490800,24536,1058016,21,135,0,OP3,OPPONENT_POOL,train,map_b_split_lane_v2,1,0,SCRIPTED:OP8,7,0,2,3,-1,135,0.4399999976158142,1,0,8,34,0,10,2,12,0,2,0,2,0,5,0,2,2,2,0,5,48.0,6.195886682581018,-1.149999976158142,-0.5,0.01666492223739624,0.0,-1.0,-100.0,0.0,-0.5793331861495972
4,24536-1783338503310490800,24536,1058368,21,146,3,OP3,OPPONENT_POOL,train,map_b_split_lane_v2,1,1,SCRIPTED:OP8,7,0,2,3,-1,146,0.5999999642372131,1,0,10,40,8,6,5,10,1,1,1,1,5,4,1,2,3,2,1,3,38.0,6.887230023945848,-1.149999976158142,-0.5,0.01018020510673523,0.0,-1.0,-100.0,0.0,-0.5796024203300476
5,24536-1783338503310490800,24536,1058848,21,161,3,OP3,OPPONENT_POOL,train,map_b_split_lane,0,1,SCRIPTED:OP8,7,0,2,3,-1,161,0.7599999904632568,1,0,3,31,4,9,9,9,1,3,0,2,2,3,3,0,1,2,1,6,76.0,8.091409434442935,-1.149999976158142,-0.5,-0.0048226118087768555,0.0,-1.0,-100.0,-0.20000000298023224,-0.6124305725097656
6,24536-1783338503310490800,24536,1059072,21,168,0,OP3,OPPONENT_POOL,train,map_b_split_lane_v2,1,1,SCRIPTED:OP8,7,1,3,2,1,168,0.5999999642372131,0,1,6,24,5,5,13,11,1,3,2,1,2,1,2,0,3,3,6,4,64.0,7.600285121372768,1.149999976158142,0.5783208012580872,-0.0049925297498703,0.02499999850988388,1.0,100.0,-0.20000000298023224,0.5603413581848145
7,24536-1783338503310490800,24536,1059200,21,172,3,OP3,OPPONENT_POOL,train,map_b_split_lane_v2,1,0,SCRIPTED:OP8,7,0,2,3,-1,172,0.6800000071525574,1,0,8,27,1,13,5,16,1,2,0,3,0,8,1,2,4,1,0,7,47.0,6.745521013126817,-1.149999976158142,-0.46661388874053955,-0.007936760783195496,0.019999999552965164,-1.0,-100.0,-0.4000000059604645,-0.6371726989746094
8,24536-1783338503310490800,24536,1059584,21,184,2,OP3,OPPONENT_POOL,train,map_b_split_lane_v2,1,0,SCRIPTED:OP8,7,1,3,2,1,184,0.5600000023841858,1,0,5,29,1,11,10,16,1,5,0,3,0,2,0,3,3,0,4,9,58.0,7.022778718367867,1.149999976158142,0.5349228382110596,0.007730454206466675,0.04999999701976776,1.0,100.0,-0.20000000298023224,0.5544881820678711
9,24536-1783338503310490800,24536,1059584,21,184,3,OP3,OPPONENT_POOL,train,map_b_split_lane,0,0,SCRIPTED:OP8,7,1,3,2,1,184,0.6399999856948853,1,0,12,36,0,18,4,25,0,4,0,3,0,10,1,3,2,3,0,13,56.0,7.166198067043139,1.149999976158142,0.606874942779541,-0.0019615888595581055,0.0,1.0,100.0,-0.20000000298023224,0.5642838478088379
10,24536-1783338503310490800,24536,1059872,21,193,1,OP3,OPPONENT_POOL,train,map_b_split_lane_v2,1,0,SCRIPTED:OP8,7,1,3,2,1,193,0.5999999642372131,1,0,6,41,2,14,6,14,2,4,0,3,0,7,1,2,2,2,0,10,64.0,7.028620112127591,1.149999976158142,0.5179508328437805,0.006807297468185425,0.04999999701976776,1.0,100.0,0.0,0.5853337645530701
11,24536-1783338503310490800,24536,1059968,21,196,0,OP3,OPPONENT_POOL,train,map_b_split_lane,0,0,SCRIPTED:OP8,7,1,3,2,1,196,0.7199999690055847,1,0,4,44,3,12,5,20,2,3,0,3,1,5,0,2,3,2,2,12,61.0,7.123665323062819,1.149999976158142,0.5468529462814331,-0.05912363529205322,0.02499999850988388,1.0,100.0,0.0,0.5863467454910278
12,24536-1783338503310490800,24536,1060096,21,200,1,OP3,OPPONENT_POOL,train,map_b_split_lane,0,0,SCRIPTED:OP8,7,1,3,2,1,200,0.6800000071525574,0,1,15,31,2,12,3,14,2,3,0,3,0,6,0,3,3,0,0,6,59.0,8.008309936523437,1.149999976158142,0.5343855619430542,-0.023351430892944336,0.029999999329447746,1.0,100.0,-0.20000000298023224,0.5521798729896545
13,24536-1783338503310490800,24536,1060096,21,200,0,OP3,OPPONENT_POOL,train,map_b_split_lane,0,0,SCRIPTED:OP8,7,1,3,2,1,200,0.6800000071525574,0,2,24,30,2,12,5,23,2,3,0,3,0,6,0,3,4,0,1,16,60.0,7.286752319335937,1.149999976158142,0.5768749713897705,-0.0018216222524642944,0.0,1.0,100.0,0.0,0.5925617218017578
14,24536-1783338503310490800,24536,1060160,21,202,1,OP3,OPPONENT_POOL,train,map_b_split_lane_v2,1,1,SCRIPTED:OP12,11,0,2,3,-1,81,0.5600000023841858,0,1,0,42,2,7,1,6,2,1,0,2,0,3,1,0,0,3,0,3,33.0,5.844014485677083,-1.149999976158142,-0.5,0.019909054040908813,0.0,-1.0,-100.0,-0.20000000298023224,-0.6114636063575745
15,24536-1783338503310490800,24536,1060256,21,205,1,OP3,OPPONENT_POOL,train,map_b_split_lane,0,0,SCRIPTED:OP8,7,0,3,3,0,205,0.6800000071525574,0,2,16,34,1,13,9,12,1,4,0,3,0,6,1,2,3,1,3,5,64.0,7.420298208841463,-0.5,0.06749999523162842,-0.007830500602722168,0.0,0.0,0.0,0.0,-0.10818930715322495
16,24536-1783338503310490800,24536,1060320,21,207,2,OP3,OPPONENT_POOL,train,map_b_split_lane,0,1,SCRIPTED:OP8,7,1,3,2,1,207,0.7199999690055847,1,0,20,33,3,9,6,19,2,2,0,3,1,4,0,3,5,0,0,13,65.0,7.246646899532005,1.149999976158142,0.5320057272911072,-0.040277063846588135,0.029999999329447746,1.0,100.0,0.0,0.5848871469497681
17,24536-1783338503310490800,24536,1060320,21,207,2,OP3,OPPONENT_POOL,train,map_b_split_lane,0,0,SCRIPTED:OP8,7,1,3,1,2,207,0.6800000071525574,1,0,15,45,4,8,3,21,2,1,0,3,2,3,0,2,2,1,1,15,74.0,7.361831149041365,1.2999999523162842,0.5029258728027344,-0.03474465012550354,0.029999999329447746,1.0,100.0,0.0,0.6046438217163086
18,24536-1783338503310490800,24536,1060384,21,209,0,OP3,OPPONENT_POOL,train,map_b_split_lane_v2,1,1,SCRIPTED:OP8,7,1,3,2,1,209,0.6800000071525574,0,3,11,49,14,4,10,12,6,2,2,1,3,1,1,2,2,2,6,4,59.0,6.623041618383672,1.149999976158142,0.5063691139221191,-0.04584965109825134,0.029999999329447746,1.0,100.0,0.0,0.5804238319396973
19,24536-1783338503310490800,24536,1060384,21,209,1,OP3,OPPONENT_POOL,train,map_b_split_lane,0,1,SCRIPTED:OP8,7,1,3,2,1,209,0.7199999690055847,1,0,7,24,5,6,9,16,3,2,1,2,1,1,0,3,3,3,6,5,65.0,8.48104522559061,1.149999976158142,0.5267937183380127,-0.01672235131263733,0.014999999664723873,1.0,100.0,0.0,0.5843814611434937
20,24536-1783338503310490800,24536,1060416,21,210,2,OP3,OPPONENT_POOL,train,map_b_split_lane,0,1,SCRIPTED:OP8,7,1,3,2,1,210,0.7999999523162842,1,0,16,41,8,8,9,18,3,4,1,2,3,1,1,3,2,2,4,10,59.0,7.208175223214286,1.149999976158142,0.5200285911560059,-0.00629618763923645,0.029999999329447746,1.0,100.0,0.0,0.584314227104187
21,24536-1783338503310490800,24536,1060448,21,211,0,OP3,OPPONENT_POOL,train,map_b_split_lane,0,0,SCRIPTED:OP8,7,0,2,3,-1,211,0.7999999523162842,1,0,20,45,4,10,9,20,1,5,0,3,3,1,2,1,4,0,1,16,64.0,6.940656472156398,-1.149999976158142,-0.46733489632606506,0.0025614798069000244,0.019999999552965164,-1.0,-100.0,0.0,-0.5736348628997803
22,24536-1783338503310490800,24536,1060512,21,213,0,OP3,OPPONENT_POOL,train,map_b_split_lane,0,1,SCRIPTED:OP8,7,1,3,2,1,213,0.6800000071525574,0,1,6,24,2,13,9,11,0,0,0,3,2,9,1,1,5,1,2,8,65.0,7.59917324585534,1.149999976158142,0.5005671977996826,-0.012610644102096558,0.014999999664723873,1.0,100.0,-0.20000000298023224,0.5460888743400574
23,24536-1783338503310490800,24536,1060544,21,214,1,OP3,OPPONENT_POOL,train,map_b_split_lane,0,0,SCRIPTED:OP8,7,1,3,2,1,214,0.6399999856948853,1,0,17,28,3,9,9,10,2,3,0,3,1,3,2,0,4,0,1,9,67.0,7.593484753760222,1.149999976158142,0.5131685137748718,-0.03769603371620178,0.029999999329447746,1.0,100.0,0.0,0.5818870663642883
24,24536-1783338503310490800,24536,1060576,21,215,3,OP3,OPPONENT_POOL,train,map_b_split_lane,0,1,SCRIPTED:OP8,7,1,3,2,1,215,0.6800000071525574,1,0,7,41,2,12,7,14,0,5,1,2,1,4,2,1,2,3,2,7,63.0,8.020969408611919,1.149999976158142,0.5164488554000854,-0.016989439725875854,0.029999999329447746,1.0,100.0,0.0,0.5832837820053101
25,24536-1783338503310490800,24536,1060768,21,221,2,OP3,OPPONENT_POOL,train,map_b_split_lane_v2,1,1,SCRIPTED:OP8,7,1,3,1,2,221,0.7599999904632568,0,1,3,51,10,10,9,10,2,2,2,1,6,6,2,1,3,1,2,5,88.0,6.919525836927319,1.2999999523162842,0.46605339646339417,0.011126793920993805,0.04999999701976776,1.0,100.0,0.0,0.6013975739479065
26,24536-1783338503310490800,24536,1060832,21,223,2,OP3,OPPONENT_POOL,train,map_b_split_lane,0,0,SCRIPTED:OP8,7,0,2,3,-1,223,0.7599999904632568,0,3,12,52,2,12,7,18,2,2,0,3,0,6,1,2,4,0,1,12,90.0,7.0958678925518495,-1.149999976158142,-0.4663308560848236,0.006051734089851379,0.019999999552965164,-1.0,-100.0,0.0,-0.5733200311660767
27,24536-1783338503310490800,24536,1060864,21,224,3,OP3,OPPONENT_POOL,train,map_b_split_lane,0,1,SCRIPTED:OP8,7,0,2,3,-1,224,0.7999999523162842,0,1,13,41,6,10,16,13,3,3,1,2,1,5,2,1,4,3,8,6,69.0,8.081999097551618,-1.149999976158142,-0.47542423009872437,0.010210737586021423,0.019999999552965164,-1.0,-100.0,-0.20000000298023224,-0.6071960926055908
28,24536-1783338503310490800,24536,1060864,21,224,2,OP3,OPPONENT_POOL,train,map_b_split_lane,0,1,SCRIPTED:OP8,7,1,3,2,1,224,0.7999999523162842,0,1,12,52,7,9,10,15,3,2,1,2,2,5,0,2,2,1,7,9,72.0,7.374332427978516,1.149999976158142,0.45814579725265503,-0.01079300045967102,0.04999999701976776,1.0,100.0,-0.20000000298023224,0.5402345657348633
29,24536-1783338503310490800,24536,1061184,21,234,2,OP3,OPPONENT_POOL,train,map_b_split_lane_v2,1,0,SCRIPTED:OP8,7,1,3,1,2,234,0.6399999856948853,0,1,10,67,3,17,7,22,2,5,0,3,1,4,1,6,5,1,0,8,67.0,6.103953826121795,1.2999999523162842,0.4628530442714691,-0.02460804581642151,0.029999999329447746,1.0,100.0,0.0,0.5986562967300415
30,24536-1783338503310490800,24536,1061376,21,240,1,OP3,OPPONENT_POOL,train,map_b_split_lane_v2,1,0,SCRIPTED:OP8,7,0,2,2,0,240,0.6800000071525574,0,3,13,103,0,22,2,28,0,11,0,2,0,3,1,6,1,1,0,13,146.0,6.626959737141927,-0.5,0.02465127781033516,0.010459497570991516,0.019999999552965164,0.0,0.0,-0.20000000298023224,-0.1653999239206314
31,24536-1783338503310490800,24536,1061376,21,240,3,OP3,OPPONENT_POOL,train,map_b_split_lane,0,0,SCRIPTED:OP8,7,1,3,2,1,240,0.7599999904632568,0,2,14,57,8,18,8,26,3,3,0,3,4,9,3,2,2,1,0,18,70.0,7.0766448974609375,1.149999976158142,0.43139714002609253,-0.018835723400115967,0.04099229350686073,1.0,100.0,-0.20000000298023224,0.5347215533256531
32,24536-1783338503310490800,24536,1061376,21,240,1,OP3,OPPONENT_POOL,train,map_b_split_lane,0,1,SCRIPTED:OP8,7,0,2,2,0,240,0.7599999904632568,0,2,15,78,10,13,5,19,5,5,0,2,1,4,1,4,1,2,2,8,160.0,7.313678487141927,-0.5,0.0,0.003905951976776123,0.0,0.0,0.0,0.0,-0.12411265075206757
33,24536-1783338503310490800,24536,1061376,21,240,3,OP3,OPPONENT_POOL,train,map_b_split_lane,0,1,SCRIPTED:OP8,7,0,2,2,0,240,0.7199999690055847,0,2,10,90,19,3,15,7,10,2,2,0,0,0,1,2,2,1,10,1,131.0,6.899086507161458,-0.5,-0.6564261317253113,0.004948079586029053,0.019999999552965164,0.0,0.0,-0.20000000298023224,-0.325285941362381
34,24536-1783338503310490800,24536,1062048,22,5,2,OP3,OPPONENT_POOL,train,map_b_split_lane_v2,1,1,SCRIPTED:OP11,10,1,3,1,2,141,0.6399999856948853,1,0,0,24,6,4,6,11,1,1,2,1,3,2,0,2,3,1,2,5,52.0,7.37176816683289,1.2999999523162842,0.6518380641937256,-0.04118458926677704,0.029999999329447746,1.0,100.0,-0.20000000298023224,0.5962191820144653
35,24536-1783338503310490800,24536,1062688,22,25,2,OP3,OPPONENT_POOL,train,map_b_split_lane_v2,1,0,SCRIPTED:OP12,11,0,1,3,-2,79,0.5600000023841858,1,0,1,7,0,9,5,6,0,2,0,2,0,3,2,3,2,1,0,1,29.0,7.276080554044699,-1.2999999523162842,-0.4698348939418793,0.014739900827407837,0.0,-1.0,-100.0,0.0,-0.5989687442779541
36,24536-1783338503310490800,24536,1063616,22,54,0,OP3,OPPONENT_POOL,train,map_b_split_lane_v2,1,0,SCRIPTED:OP10,9,1,3,0,3,138,0.6399999856948853,0,5,7,61,2,14,3,15,1,3,0,3,1,5,1,0,1,0,0,14,58.0,5.424080226732337,1.4500000476837158,0.6191162467002869,0.004119873046875,0.04999999701976776,1.0,100.0,-0.20000000298023224,0.6173189878463745
37,24536-1783338503310490800,24536,1063648,22,55,1,OP3,OPPONENT_POOL,train,map_b_split_lane_v2,1,1,SCRIPTED:OP11,10,0,2,3,-1,143,0.5600000023841858,0,3,4,29,11,1,9,12,4,1,3,0,4,0,0,2,1,3,7,4,52.0,6.911945903217876,-1.149999976158142,-0.46843579411506653,-0.004968732595443726,0.019999999552965164,-1.0,-100.0,-0.20000000298023224,-0.606691837310791
38,24536-1783338503310490800,24536,1063904,22,63,3,OP3,OPPONENT_POOL,train,map_b_split_lane,0,0,SCRIPTED:OP12,11,1,3,2,1,109,0.5199999809265137,0,2,5,43,1,11,0,9,1,2,0,3,0,4,0,1,0,2,0,6,36.0,6.001202224591457,1.149999976158142,0.747499942779541,-0.005935609340667725,0.0,1.0,100.0,-0.20000000298023224,0.5876075029373169
39,24536-1783338503310490800,24536,1063936,22,64,3,OP3,OPPONENT_POOL,train,map_b_split_lane,0,0,SCRIPTED:OP12,11,0,2,3,-1,99,0.6800000071525574,1,0,2,24,1,9,0,8,1,2,0,2,0,5,0,1,0,3,0,4,39.0,6.704118824968434,-1.149999976158142,-0.48093152046203613,0.011093392968177795,0.019999999552965164,-1.0,-100.0,0.0,-0.5755544900894165
40,24536-1783338503310490800,24536,1064320,22,76,2,OP3,OPPONENT_POOL,train,map_b_split_lane,0,1,SCRIPTED:OP9,8,1,3,2,1,127,0.6800000071525574,0,1,4,48,5,7,8,7,1,1,1,2,2,3,1,1,2,1,3,3,38.0,6.92699234128937,1.149999976158142,0.7137500047683716,-0.00507710874080658,0.0,1.0,100.0,-0.20000000298023224,0.5820914506912231
41,24536-1783338503310490800,24536,1064672,22,87,1,OP3,OPPONENT_POOL,train,map_b_split_lane,0,0,SCRIPTED:OP8,7,1,3,2,1,208,0.7599999904632568,0,1,10,55,3,13,3,18,2,6,0,3,0,3,0,4,2,1,0,9,85.0,6.975123478816106,1.149999976158142,0.5270983576774597,-0.05157874524593353,0.029999999329447746,1.0,100.0,0.0,0.5836138725280762
42,24536-1783338503310490800,24536,1064992,22,97,0,OP3,OPPONENT_POOL,train,map_b_split_lane_v2,1,0,SCRIPTED:OP8,7,0,2,3,-1,192,0.7199999690055847,0,1,5,28,4,14,6,13,1,3,0,3,2,8,2,1,2,3,0,7,60.0,7.155839920043945,-1.149999976158142,-0.4672248661518097,0.005217388272285461,0.019999999552965164,-1.0,-100.0,0.0,-0.5735050439834595
43,24536-1783338503310490800,24536,1065088,22,100,3,OP3,OPPONENT_POOL,train,map_b_split_lane_v2,1,0,SCRIPTED:OP8,7,0,2,3,-1,172,0.5600000023841858,1,0,5,32,0,14,6,13,0,4,0,3,0,7,2,0,3,2,0,9,59.0,7.132877793422965,-1.149999976158142,-0.4696956276893616,0.004553049802780151,0.019999999552965164,-1.0,-100.0,0.0,-0.5739471912384033
44,24536-1783338503310490800,24536,1065088,22,100,2,OP3,OPPONENT_POOL,train,map_b_split_lane,0,1,SCRIPTED:OP11,10,1,3,2,1,163,0.6800000071525574,1,0,9,34,3,9,4,9,3,2,0,3,0,4,0,1,1,2,2,5,50.0,7.148889834164111,1.149999976158142,0.6462500095367432,-0.001031234860420227,0.0,1.0,100.0,0.0,0.6037313938140869
45,24536-1783338503310490800,24536,1065536,22,114,3,OP3,OPPONENT_POOL,train,map_b_split_lane_v2,1,0,SCRIPTED:OP12,11,1,3,2,1,109,0.6399999856948853,0,1,2,53,2,10,0,7,1,4,0,3,1,1,0,3,0,2,0,1,34.0,5.654625008959289,1.149999976158142,0.747499942779541,-0.009712859988212585,0.0,1.0,100.0,-0.20000000298023224,0.5874529480934143
46,24536-1783338503310490800,24536,1065568,22,115,0,OP3,OPPONENT_POOL,train,map_b_split_lane,0,1,SCRIPTED:OP11,10,1,3,2,1,187,0.6800000071525574,0,1,9,56,8,8,12,5,3,4,2,1,1,2,2,1,2,0,6,2,54.0,7.276026435076871,1.149999976158142,0.5268266797065735,0.009924143552780151,0.04999999701976776,1.0,100.0,0.0,0.5869183540344238
47,24536-1783338503310490800,24536,1065792,22,122,3,OP3,OPPONENT_POOL,train,map_b_split_lane_v2,1,0,SCRIPTED:OP12,11,0,2,3,-1,144,0.6800000071525574,1,0,8,36,0,14,5,9,0,3,0,2,0,5,1,4,3,1,1,3,41.0,5.92990239461263,-1.149999976158142,-0.5,0.0021407604217529297,0.0,-1.0,-100.0,0.0,-0.5799359679222107
48,24536-1783338503310490800,24536,1065888,22,125,3,OP3,OPPONENT_POOL,train,map_b_split_lane_v2,1,0,SCRIPTED:OP8,7,0,2,3,-1,174,0.5199999809265137,0,1,12,30,1,11,3,18,0,3,0,3,1,5,1,1,1,3,0,13,57.0,6.624678688487787,-1.149999976158142,-0.4690104126930237,0.008782237768173218,0.019999999552965164,-1.0,-100.0,0.0,-0.5736550688743591
49,24536-1783338503310490800,24536,1066016,22,129,2,OP3,OPPONENT_POOL,train,map_b_split_lane,0,0,SCRIPTED:OP12,11,1,3,2,1,145,0.7199999690055847,1,0,3,59,1,11,5,14,0,2,0,3,1,4,2,2,2,0,1,8,33.0,5.293315598060345,1.149999976158142,0.6087021231651306,-0.010909125208854675,0.04999999701976776,1.0,100.0,-0.20000000298023224,0.566340446472168
50,24536-1783338503310490800,24536,1066016,22,129,0,OP3,OPPONENT_POOL,train,map_b_split_lane,0,1,SCRIPTED:OP11,10,1,3,2,1,161,0.7199999690055847,0,1,10,50,4,8,6,9,1,4,1,2,2,2,0,1,0,4,5,3,50.0,6.680078731560559,1.149999976158142,0.6147356629371643,-0.026423245668411255,0.029999999329447746,1.0,100.0,0.0,0.5988853573799133
51,24536-1783338503310490800,24536,1066048,22,130,0,OP3,OPPONENT_POOL,train,map_b_split_lane,0,1,SCRIPTED:OP9,8,1,1,0,1,240,0.7599999904632568,0,5,8,121,10,14,4,8,5,7,0,1,1,0,2,1,0,1,0,5,213.0,6.4769744873046875,1.149999976158142,0.01679157465696335,0.011399134993553162,0.0,0.0,0.0,0.0,0.28435176610946655
52,24536-1783338503310490800,24536,1066176,22,134,2,OP3,OPPONENT_POOL,train,map_b_split_lane,0,1,SCRIPTED:OP12,11,1,3,2,1,150,0.7199999690055847,0,2,10,45,7,9,1,11,4,1,0,3,2,1,0,4,1,1,0,5,66.0,6.9037093098958335,1.149999976158142,0.6706249713897705,-0.006709665060043335,0.0,1.0,100.0,-0.20000000298023224,0.5748501420021057
53,24536-1783338503310490800,24536,1066240,22,136,2,OP3,OPPONENT_POOL,train,map_b_split_lane_v2,1,1,SCRIPTED:OP8,7,1,3,2,1,183,0.7199999690055847,1,0,5,18,2,12,8,14,1,2,0,3,1,7,0,2,6,0,2,7,52.0,7.414212586449795,1.149999976158142,0.5365850925445557,0.0014471858739852905,0.04999999701976776,1.0,100.0,-0.20000000298023224,0.5545039772987366
54,24536-1783338503310490800,24536,1066464,22,143,1,OP3,OPPONENT_POOL,train,map_b_split_lane_v2,1,0,SCRIPTED:OP8,7,1,3,2,1,190,0.5999999642372131,0,1,5,35,1,15,2,21,1,2,0,3,0,10,1,1,1,6,0,8,75.0,6.762877133018092,1.149999976158142,0.5617082118988037,-0.014887049794197083,0.029999999329447746,1.0,100.0,0.0,0.5907853841781616
55,24536-1783338503310490800,24536,1066912,22,157,0,OP3,OPPONENT_POOL,train,map_b_split_lane,0,1,SCRIPTED:OP10,9,1,3,1,2,198,0.8399999737739563,0,1,14,70,6,12,4,18,2,5,1,2,1,1,0,5,0,2,4,7,44.0,6.459581779711174,1.2999999523162842,0.5079746246337891,-0.007157325744628906,0.04999999701976776,1.0,100.0,-0.20000000298023224,0.574806272983551
56,24536-1783338503310490800,24536,1067008,22,160,1,OP3,OPPONENT_POOL,train,map_b_split_lane_v2,1,1,SCRIPTED:OP11,10,0,2,3,-1,203,0.7599999904632568,1,0,7,63,11,9,8,11,3,2,2,1,2,6,1,3,2,4,3,1,47.0,6.626667492495382,-1.149999976158142,-0.4658702313899994,-0.00418342649936676,0.0,-1.0,-100.0,-0.4000000059604645,-0.6376651525497437
57,24536-1783338503310490800,24536,1067040,22,161,1,OP3,OPPONENT_POOL,train,map_b_split_lane_v2,1,1,SCRIPTED:OP9,8,1,3,0,3,206,0.6399999856948853,0,6,5,96,11,14,8,11,3,6,3,0,2,2,0,3,1,1,5,5,139.0,5.463034620562803,1.4500000476837158,0.5158758759498596,-0.002225130796432495,0.014999999664723873,1.0,100.0,-0.20000000298023224,0.5994367003440857
58,24536-1783338503310490800,24536,1067104,22,163,3,OP3,OPPONENT_POOL,train,map_b_split_lane,0,1,SCRIPTED:OP9,8,1,3,2,1,212,0.7599999904632568,0,1,3,90,4,12,6,12,2,2,0,3,0,5,1,3,1,1,3,7,130.0,7.031855169332252,1.149999976158142,0.48212042450904846,-0.0010830610990524292,0.02499999850988388,1.0,100.0,0.0,0.5780471563339233
59,24536-1783338503310490800,24536,1067552,22,177,2,OP3,OPPONENT_POOL,train,map_b_split_lane,0,0,SCRIPTED:OP11,10,0,2,3,-1,219,0.6800000071525574,0,1,13,77,2,14,11,12,2,5,0,3,0,5,2,0,1,2,5,8,53.0,6.977663919805936,-1.149999976158142,-0.466545969247818,0.0012932121753692627,0.019999999552965164,-1.0,-100.0,0.0,-0.5735557079315186
60,24536-1783338503310490800,24536,1067648,22,180,1,OP3,OPPONENT_POOL,train,map_b_split_lane_v2,1,0,SCRIPTED:OP9,8,0,1,1,0,240,0.5600000023841858,0,4,5,128,3,23,7,3,3,8,0,1,0,2,3,0,1,0,0,2,122.0,6.092227681477865,-0.5,0.0,-0.0009807050228118896,0.0,0.0,0.0,-0.20000000298023224,-0.17329461872577667
61,24536-1783338503310490800,24536,1067776,22,184,2,OP3,OPPONENT_POOL,train,map_b_split_lane_v2,1,1,SCRIPTED:OP9,8,0,0,0,0,240,0.7599999904632568,0,1,6,112,18,15,8,0,9,8,0,0,0,0,4,0,0,0,1,0,,6.242846171061198,-0.5,0.0,0.0056674182415008545,0.0,0.0,0.0,0.0,-0.12400425225496292
62,24536-1783338503310490800,24536,1067776,22,184,1,OP3,OPPONENT_POOL,train,map_b_split_lane_v2,1,1,SCRIPTED:OP9,8,0,0,0,0,240,0.6800000071525574,1,0,7,113,20,6,2,4,12,2,0,0,0,0,1,2,0,0,0,1,,6.3575597127278645,-0.5,0.0,-0.01857811212539673,0.0,0.0,0.0,-0.4000000059604645,-0.22238245606422424
63,24536-1783338503310490800,24536,1067904,22,188,0,OP3,OPPONENT_POOL,train,map_b_split_lane,0,0,SCRIPTED:OP8,7,1,3,2,1,204,0.6800000071525574,1,0,8,32,1,17,5,16,1,6,0,3,0,7,0,2,4,1,1,9,66.0,7.437297147863052,1.149999976158142,0.5302537083625793,0.00014925003051757812,0.029999999329447746,1.0,100.0,0.0,0.5862597227096558
64,24536-1783338503310490800,24536,1068416,22,204,0,OP3,OPPONENT_POOL,train,map_b_split_lane,0,1,SCRIPTED:OP10,9,1,3,1,2,140,0.7199999690055847,0,7,8,48,2,10,5,15,1,4,0,3,1,1,1,1,0,2,3,10,48.0,6.417361014229911,1.2999999523162842,1.1893749237060547,-0.009269863367080688,0.0,2.0,200.0,0.0,0.8081817626953125
65,24536-1783338503310490800,24536,1068512,22,207,3,OP3,OPPONENT_POOL,train,map_b_split_lane_v2,1,0,SCRIPTED:OP9,8,0,0,0,0,240,0.6399999856948853,1,0,3,96,13,14,3,9,9,5,0,0,0,0,2,4,0,0,0,2,,6.6358495076497395,-0.5,0.0,-0.010108649730682373,0.0,0.0,0.0,-0.20000000298023224,-0.17384792864322662
66,24536-1783338503310490800,24536,1068544,22,208,0,OP3,OPPONENT_POOL,train,map_b_split_lane_v2,1,1,SCRIPTED:OP10,9,1,3,0,3,145,0.7599999904632568,0,2,4,55,4,10,11,9,2,5,1,2,0,1,4,1,0,0,5,3,60.0,5.973456441945043,1.4500000476837158,0.6062374114990234,-0.002284526824951172,0.04999999701976776,1.0,100.0,0.0,0.6452059149742126
67,24536-1783338503310490800,24536,1068544,22,208,3,OP3,OPPONENT_POOL,train,map_b_split_lane,0,0,SCRIPTED:OP9,8,1,2,0,2,240,0.7999999523162842,0,1,13,136,4,22,6,12,3,8,0,3,0,3,3,1,0,1,0,6,165.0,5.8766626993815105,1.2999999523162842,0.02492661401629448,0.01415686309337616,0.019999999552965164,0.0,0.0,-0.4000000059604645,0.22922037541866302
68,24536-1783338503310490800,24536,1068992,22,222,3,OP3,OPPONENT_POOL,train,map_b_split_lane,0,0,SCRIPTED:OP8,7,1,3,2,1,197,0.5600000023841858,1,0,17,45,2,12,6,14,2,4,0,3,0,3,2,0,2,1,0,11,60.0,6.591526709232234,1.149999976158142,0.5117799043655396,0.005237177014350891,0.04999999701976776,1.0,100.0,-0.20000000298023224,0.5503597855567932
69,24536-1783338503310490800,24536,1069056,22,224,0,OP3,OPPONENT_POOL,train,map_b_split_lane_v2,1,1,SCRIPTED:OP9,8,1,1,0,1,240,0.6399999856948853,0,3,10,136,24,7,10,2,13,3,1,0,0,0,3,1,0,0,4,0,194.0,5.442833455403646,1.149999976158142,0.0,0.010546892881393433,0.0,0.0,0.0,0.0,0.2804396152496338
70,24536-1783338503310490800,24536,1069312,22,232,2,OP3,OPPONENT_POOL,train,map_b_split_lane_v2,1,0,SCRIPTED:OP11,10,1,3,2,1,145,0.5600000023841858,1,0,5,44,0,12,1,14,0,3,0,3,0,5,0,2,1,4,0,4,49.0,5.947317820581897,1.149999976158142,0.6386054158210754,-0.030294030904769897,0.029999999329447746,1.0,100.0,0.0,0.6025447845458984
71,24536-1783338503310490800,24536,1069376,22,234,3,OP3,OPPONENT_POOL,train,map_b_split_lane_v2,1,1,SCRIPTED:OP12,11,1,3,2,1,98,0.5199999809265137,0,1,5,37,14,0,8,2,5,0,3,0,3,0,1,0,1,1,5,0,37.0,5.796224788743622,1.149999976158142,0.7681249380111694,-0.0018759816884994507,0.0,1.0,100.0,0.0,0.6227067112922668
72,24536-1783338503310490800,24536,1069376,22,234,1,OP3,OPPONENT_POOL,train,map_b_split_lane_v2,1,0,SCRIPTED:OP12,11,0,2,3,-1,77,0.6800000071525574,1,0,2,22,2,6,4,3,1,2,0,2,1,2,2,0,2,1,0,2,30.0,6.2272271490716316,-1.149999976158142,-0.5,0.0037057697772979736,0.0,-1.0,-100.0,-0.4000000059604645,-0.6424111127853394
73,24536-1783338503310490800,24536,1069568,22,240,1,OP3,OPPONENT_POOL,train,map_b_split_lane,0,1,SCRIPTED:OP10,9,1,3,1,2,125,0.6399999856948853,0,1,9,42,2,10,3,11,1,1,0,3,1,6,1,0,1,3,0,5,45.0,5.77522509765625,1.2999999523162842,1.2174999713897705,-1.7717480659484863e-05,0.0,1.5,150.0,0.0,0.7634249329566956
74,24536-1783338503310490800,24536,1069856,22,249,0,OP3,OPPONENT_POOL,train,map_b_split_lane_v2,1,1,SCRIPTED:OP10,9,1,3,0,3,127,0.6399999856948853,0,9,4,49,7,8,5,9,3,3,2,1,1,1,0,2,0,1,2,5,35.0,5.328034648745079,1.4500000476837158,0.6419576406478882,0.013799190521240234,0.02499999850988388,1.0,100.0,0.0,0.6500667929649353
75,24536-1783338503310490800,24536,1069856,22,249,1,OP3,OPPONENT_POOL,train,map_b_split_lane_v2,1,1,SCRIPTED:OP10,9,1,3,0,3,119,0.7599999904632568,0,5,5,42,10,3,6,6,2,1,2,1,5,0,1,1,0,1,4,3,54.0,5.851883062795431,1.4500000476837158,0.6551518440246582,-0.005036115646362305,0.02499999850988388,1.0,100.0,-0.20000000298023224,0.6215554475784302
76,24536-1783338503310490800,24536,1070016,22,254,0,OP3,OPPONENT_POOL,train,map_b_split_lane,0,1,SCRIPTED:OP11,10,1,3,1,2,154,0.6800000071525574,0,1,14,44,1,13,4,17,0,3,0,3,1,6,0,2,4,0,0,11,52.0,6.66254692573052,1.2999999523162842,0.6183101534843445,-0.027846112847328186,0.029999999329447746,1.0,100.0,0.0,0.6228891611099243
77,24536-1783338503310490800,24536,1070304,23,7,2,OP3,OPPONENT_POOL,train,map_b_split_lane,0,1,SCRIPTED:OP8,7,1,3,2,1,208,0.8799999952316284,1,0,14,38,4,16,6,22,0,5,1,2,3,7,0,2,1,3,5,13,61.0,7.256176288311298,1.149999976158142,0.506602942943573,-0.007419392466545105,0.029999999329447746,1.0,100.0,0.0,0.582053005695343
78,24536-1783338503310490800,24536,1070688,23,19,1,OP3,OPPONENT_POOL,train,map_b_split_lane_v2,1,1,SCRIPTED:OP11,10,1,3,1,2,178,0.7599999904632568,1,0,7,35,10,4,8,7,4,2,2,1,3,1,2,0,1,1,3,6,55.0,7.375578805301966,1.2999999523162842,1.081421971321106,0.004632160067558289,0.029999999329447746,2.0,200.0,0.0,0.799606442451477
79,24536-1783338503310490800,24536,1070880,23,25,2,OP3,OPPONENT_POOL,train,map_b_split_lane,0,1,SCRIPTED:OP12,11,1,3,2,1,138,0.7199999690055847,1,0,4,18,3,11,3,5,2,3,0,3,0,3,1,1,2,0,0,3,30.0,8.3933008166327,1.149999976158142,0.6931249499320984,-0.00638154149055481,0.0,1.0,100.0,0.0,0.6109164953231812
80,24536-1783338503310490800,24536,1071072,23,31,1,OP3,OPPONENT_POOL,train,map_b_split_lane,0,0,SCRIPTED:OP9,8,1,3,1,2,158,0.6800000071525574,0,6,1,87,2,14,0,15,1,5,0,3,1,3,0,2,0,2,0,8,50.0,5.629065404964399,1.2999999523162842,1.1556249856948853,-0.00497041642665863,0.0,1.5,150.0,-0.20000000298023224,0.7345763444900513
81,24536-1783338503310490800,24536,1071232,23,36,2,OP3,OPPONENT_POOL,train,map_b_split_lane_v2,1,0,SCRIPTED:OP10,9,1,3,1,2,112,0.5999999642372131,0,9,3,30,2,8,2,10,1,2,0,3,1,1,0,2,1,1,1,6,40.0,6.07819584437779,1.2999999523162842,0.6679378151893616,0.004057049751281738,0.04999999701976776,1.0,100.0,-0.20000000298023224,0.6014162302017212
82,24536-1783338503310490800,24536,1071296,23,38,1,OP3,OPPONENT_POOL,train,map_b_split_lane,0,1,SCRIPTED:OP9,8,0,1,1,0,240,0.7599999904632568,0,1,8,106,9,15,15,4,6,5,0,1,0,3,8,0,1,1,0,2,213.0,6.680006917317709,-0.5,-0.04891790449619293,-0.016534775495529175,0.0,0.0,0.0,0.0,-0.13738855719566345
83,24536-1783338503310490800,24536,1071328,23,39,0,OP3,OPPONENT_POOL,train,map_b_split_lane,0,1,SCRIPTED:OP12,11,0,2,3,-1,88,0.6399999856948853,1,0,4,46,2,4,4,2,0,1,1,1,1,2,0,1,3,0,1,1,38.0,6.77550645308061,-1.149999976158142,-0.5,-0.003299206495285034,0.0,-1.0,-100.0,-0.20000000298023224,-0.612371027469635
84,24536-1783338503310490800,24536,1071840,23,55,3,OP3,OPPONENT_POOL,train,map_b_split_lane_v2,1,1,SCRIPTED:OP8,7,0,2,3,-1,182,0.5199999809265137,1,0,6,30,8,4,6,11,3,3,3,0,2,0,0,3,1,2,4,4,64.0,6.801787994720123,-1.149999976158142,-0.46669408679008484,-0.004078507423400879,0.019999999552965164,-1.0,-100.0,-0.20000000298023224,-0.6063814163208008
85,24536-1783338503310490800,24536,1072000,23,60,3,OP3,OPPONENT_POOL,train,map_b_split_lane_v2,1,1,SCRIPTED:OP9,8,0,2,2,0,240,0.6800000071525574,0,1,6,107,16,13,7,9,5,7,2,0,4,0,1,4,1,1,4,2,27.0,6.174559529622396,-0.5,0.0,-0.008946120738983154,0.0,0.0,0.0,-0.4000000059604645,-0.22181016206741333
86,24536-1783338503310490800,24536,1072000,23,60,0,OP3,OPPONENT_POOL,train,map_b_split_lane,0,1,SCRIPTED:OP8,7,1,3,1,2,202,0.6399999856948853,0,1,11,35,1,13,13,12,1,5,0,3,0,3,1,1,3,0,7,9,73.0,7.482698648282797,1.2999999523162842,0.5372413396835327,-0.009922578930854797,0.029999999329447746,1.0,100.0,0.0,0.6110311150550842
87,24536-1783338503310490800,24536,1072256,23,68,1,OP3,OPPONENT_POOL,train,map_b_split_lane_v2,1,1,SCRIPTED:OP10,9,1,3,0,3,116,0.5999999642372131,0,3,1,46,9,3,6,4,2,1,2,1,3,1,0,1,1,0,3,3,40.0,5.946034398572198,1.4500000476837158,0.659641444683075,0.00943051278591156,0.02499999850988388,1.0,100.0,0.0,0.6524553894996643
88,24536-1783338503310490800,24536,1072512,23,76,0,OP3,OPPONENT_POOL,train,map_b_split_lane,0,1,SCRIPTED:OP10,9,1,3,0,3,169,0.7199999690055847,0,4,14,67,3,9,3,15,1,2,1,2,1,3,0,3,0,2,2,7,88.0,5.866978030232988,1.4500000476837158,0.6349999904632568,0.0033524036407470703,0.0,1.0,100.0,0.0,0.6477773189544678
89,24536-1783338503310490800,24536,1072544,23,77,3,OP3,OPPONENT_POOL,train,map_b_split_lane_v2,1,0,SCRIPTED:OP8,7,0,2,3,-1,199,0.6800000071525574,0,2,6,30,4,10,7,14,3,1,0,3,1,6,1,2,4,0,1,7,56.0,7.530917527088568,-1.149999976158142,0.03260660171508789,-0.014437809586524963,0.019999999552965164,0.0,0.0,0.0,-0.2719799280166626
90,24536-1783338503310490800,24536,1072544,23,77,1,OP3,OPPONENT_POOL,train,map_b_split_lane,0,1,SCRIPTED:OP12,11,0,2,3,-1,145,0.6800000071525574,1,0,7,23,7,7,5,11,2,2,1,1,3,2,2,3,1,2,1,2,35.0,7.167117625269396,-1.149999976158142,-0.4813704192638397,0.004534795880317688,0.0,-1.0,-100.0,0.0,-0.5767368078231812
91,24536-1783338503310490800,24536,1072640,23,80,2,OP3,OPPONENT_POOL,train,map_b_split_lane,0,0,SCRIPTED:OP10,9,1,3,1,2,152,0.6800000071525574,0,6,8,50,5,11,0,21,2,3,0,3,2,2,0,4,0,2,0,11,49.0,6.2056944997687085,1.2999999523162842,0.6668750047683716,-0.005262225866317749,0.0,1.0,100.0,-0.20000000298023224,0.5988740921020508
92,24536-1783338503310490800,24536,1072736,23,83,3,OP3,OPPONENT_POOL,train,map_b_split_lane_v2,1,1,SCRIPTED:OP10,9,0,2,3,-1,155,0.7599999904632568,0,2,15,58,8,6,10,10,3,4,2,0,1,0,3,3,2,2,4,1,37.0,5.702407541582661,-1.149999976158142,-0.47965484857559204,-0.0068605393171310425,0.019999999552965164,-1.0,-100.0,0.0,-0.5760912895202637
93,24536-1783338503310490800,24536,1072768,23,84,3,OP3,OPPONENT_POOL,train,map_b_split_lane,0,0,SCRIPTED:OP9,8,1,2,1,1,240,0.7599999904632568,0,3,2,127,7,14,3,11,4,4,0,2,2,1,2,1,0,2,0,6,53.0,6.543536885579427,1.149999976158142,0.0,-0.012490987777709961,0.0,0.0,0.0,-0.20000000298023224,0.23239460587501526
94,24536-1783338503310490800,24536,1072832,23,86,1,OP3,OPPONENT_POOL,train,map_b_split_lane,0,0,SCRIPTED:OP12,11,0,2,3,-1,93,0.6399999856948853,1,0,2,26,3,5,4,4,1,1,0,2,2,2,2,0,1,2,1,2,38.0,7.764204784106183,-1.149999976158142,-0.4802418053150177,0.009682059288024902,0.0,-1.0,-100.0,0.0,-0.5763336420059204
95,24536-1783338503310490800,24536,1072896,23,88,2,OP3,OPPONENT_POOL,train,map_b_split_lane_v2,1,1,SCRIPTED:OP8,7,1,3,2,1,183,0.6800000071525574,1,0,7,28,5,12,6,19,1,5,2,1,1,4,2,2,0,5,3,8,51.0,7.293571764002732,1.149999976158142,0.5779425501823425,-0.03480230271816254,0.014999999664723873,1.0,100.0,0.0,0.5920054316520691
96,24536-1783338503310490800,24536,1073568,23,109,0,OP3,OPPONENT_POOL,train,map_b_split_lane,0,0,SCRIPTED:OP10,9,1,2,1,1,240,0.8399999737739563,1,0,10,120,11,10,5,12,5,3,0,2,3,1,3,1,1,1,0,7,49.0,6.6586456298828125,1.149999976158142,0.01834920234978199,-0.006961360573768616,0.0,0.0,0.0,-0.20000000298023224,0.2370557188987732
97,24536-1783338503310490800,24536,1073696,23,113,0,OP3,OPPONENT_POOL,train,map_b_split_lane_v2,1,1,SCRIPTED:OP8,7,0,2,3,-1,135,0.5999999642372131,1,0,5,16,8,4,5,13,3,2,1,1,3,1,0,2,2,2,3,5,53.0,7.806674985532408,-1.149999976158142,-0.5,0.015944570302963257,0.0,-1.0,-100.0,-0.20000000298023224,-0.6116187572479248
98,24536-1783338503310490800,24536,1073760,23,115,2,OP3,OPPONENT_POOL,train,map_b_split_lane_v2,1,1,SCRIPTED:OP10,9,1,3,0,3,211,0.7199999690055847,0,6,7,106,8,17,4,18,4,7,1,2,0,2,0,5,1,0,2,9,134.0,5.897683093898104,1.4500000476837158,0.4824345111846924,-0.010450392961502075,0.02499999850988388,1.0,100.0,0.0,0.6255173683166504
99,24536-1783338503310490800,24536,1073856,23,118,0,OP3,OPPONENT_POOL,train,map_b_split_lane_v2,1,0,SCRIPTED:OP8,7,0,2,3,-1,166,0.5600000023841858,1,0,12,27,0,16,4,19,0,4,0,2,0,7,2,0,2,3,0,12,99.0,7.24224412297628,-1.149999976158142,-0.5,0.003656148910522461,0.0,-1.0,-100.0,-0.20000000298023224,-0.612099289894104
100,24536-1783338503310490800,24536,1074336,23,133,3,OP3,OPPONENT_POOL,train,map_b_split_lane_v2,1,1,SCRIPTED:OP12,11,0,2,3,-1,108,0.5199999809265137,1,0,6,52,12,0,15,0,2,0,3,0,5,0,3,0,3,0,5,0,42.0,4.815505416304977,-1.149999976158142,-0.47033634781837463,0.012158393859863281,0.019999999552965164,-1.0,-100.0,-0.20000000298023224,-0.6063154935836792
101,24536-1783338503310490800,24536,1074464,23,137,0,OP3,OPPONENT_POOL,train,map_b_split_lane_v2,1,1,SCRIPTED:OP11,10,0,2,3,-1,171,0.6800000071525574,1,0,3,53,11,4,21,4,4,1,2,1,3,2,4,0,1,3,12,0,48.0,6.690477516218933,-1.149999976158142,-0.46635013818740845,0.010731309652328491,0.0,-1.0,-100.0,0.0,-0.5739656686782837
102,24536-1783338503310490800,24536,1074592,23,141,2,OP3,OPPONENT_POOL,train,map_b_split_lane_v2,1,0,SCRIPTED:OP10,9,1,3,0,3,110,0.5999999642372131,0,12,0,29,1,10,2,10,1,3,0,3,0,3,0,2,1,1,1,6,40.0,5.6673517400568185,1.4500000476837158,0.671656608581543,-0.0119219571352005,0.02499999850988388,1.0,100.0,0.0,0.653412938117981
103,24536-1783338503310490800,24536,1074688,23,144,3,OP3,OPPONENT_POOL,train,map_b_split_lane,0,1,SCRIPTED:OP11,10,0,2,3,-1,168,0.6800000071525574,1,0,7,23,2,12,2,11,1,3,0,3,1,5,0,2,2,2,0,5,56.0,7.409159342447917,-1.149999976158142,0.033628880977630615,-0.0018475651741027832,0.019999999552965164,0.0,0.0,-0.4000000059604645,-0.36093300580978394
104,24536-1783338503310490800,24536,1075232,23,161,3,OP3,OPPONENT_POOL,train,map_b_split_lane,0,1,SCRIPTED:OP9,8,1,1,0,1,240,0.7999999523162842,0,4,4,97,4,18,0,14,2,8,0,1,0,1,0,4,0,1,0,5,116.0,6.483770751953125,1.149999976158142,0.0,-0.0016914308071136475,0.0,0.0,0.0,-0.20000000298023224,0.23303303122520447
105,24536-1783338503310490800,24536,1075648,23,174,2,OP3,OPPONENT_POOL,train,map_b_split_lane_v2,1,1,SCRIPTED:OP8,7,1,3,1,2,181,0.7199999690055847,1,0,2,32,6,10,10,9,1,2,2,1,3,6,1,2,2,3,3,3,71.0,7.411436976648826,1.2999999523162842,0.5395740866661072,-0.004451632499694824,0.04999999701976776,1.0,100.0,0.0,0.6123923063278198
106,24536-1783338503310490800,24536,1075840,23,180,2,OP3,OPPONENT_POOL,train,map_b_split_lane_v2,1,0,SCRIPTED:OP12,11,1,3,2,1,112,0.7199999690055847,0,2,26,37,2,8,1,7,2,2,0,3,0,3,0,2,1,1,0,3,34.0,5.772271837506976,1.149999976158142,0.6846521496772766,-0.012498259544372559,0.02499999850988388,1.0,100.0,0.0,0.6103283166885376
107,24536-1783338503310490800,24536,1076096,23,188,0,OP3,OPPONENT_POOL,train,map_b_split_lane,0,1,SCRIPTED:OP12,11,0,2,3,-1,111,0.6800000071525574,1,0,4,39,2,8,4,2,1,1,0,2,1,4,2,0,2,1,0,1,38.0,7.0138984199042795,-1.149999976158142,-0.4785400927066803,0.013198643922805786,0.019999999552965164,-1.0,-100.0,0.0,-0.5750665068626404
108,24536-1783338503310490800,24536,1076096,23,188,1,OP3,OPPONENT_POOL,train,map_b_split_lane,0,0,SCRIPTED:OP9,8,0,0,0,0,240,0.7199999690055847,1,0,4,67,7,15,0,12,4,7,0,0,0,0,0,6,0,0,0,4,,7.548814392089843,-0.5,0.0,0.009764522314071655,0.0,0.0,0.0,-0.4000000059604645,-0.22069798409938812
109,24536-1783338503310490800,24536,1076288,23,194,2,OP3,OPPONENT_POOL,train,map_b_split_lane,0,0,SCRIPTED:OP10,9,1,3,0,3,156,0.6800000071525574,0,2,4,58,2,13,0,25,2,6,0,3,0,0,0,4,0,0,0,14,60.0,6.246198996519431,1.4500000476837158,-0.01299683004617691,0.007168322801589966,0.02499999850988388,1.0,100.0,-0.20000000298023224,0.5089126229286194
110,24536-1783338503310490800,24536,1076480,23,200,2,OP3,OPPONENT_POOL,train,map_b_split_lane_v2,1,1,SCRIPTED:OP11,10,1,3,2,1,181,0.6399999856948853,0,1,5,66,11,5,16,3,3,3,3,0,5,0,2,0,2,1,10,1,75.0,6.302733026156768,1.149999976158142,0.5384899377822876,-0.010446324944496155,0.04999999701976776,1.0,100.0,-0.20000000298023224,0.5543190240859985
111,24536-1783338503310490800,24536,1076640,23,205,1,OP3,OPPONENT_POOL,train,map_b_split_lane,0,1,SCRIPTED:OP11,10,1,3,2,1,207,0.7999999523162842,0,3,8,61,10,11,13,6,5,3,1,2,1,6,3,0,1,2,6,3,55.0,7.310342245055858,1.149999976158142,0.5280617475509644,-0.006677567958831787,0.02499999850988388,1.0,100.0,0.0,0.5854142904281616
112,24536-1783338503310490800,24536,1076736,23,208,1,OP3,OPPONENT_POOL,train,map_b_split_lane,0,0,SCRIPTED:OP9,8,0,0,0,0,240,0.7199999690055847,1,0,2,131,12,17,2,10,8,7,0,0,0,0,1,5,0,0,0,3,,6.682837931315104,-0.5,0.0,0.010903269052505493,0.0,0.0,0.0,0.0,-0.12368203699588776
113,24536-1783338503310490800,24536,1076768,23,209,3,OP3,OPPONENT_POOL,train,map_b_split_lane_v2,1,0,SCRIPTED:OP12,11,0,2,3,-1,94,0.6800000071525574,0,1,1,28,2,8,4,8,1,1,0,2,1,4,2,1,1,2,0,4,33.0,5.8501359655502,-1.149999976158142,-0.4785819947719574,0.013044849038124084,0.019999999552965164,-1.0,-100.0,-0.20000000298023224,-0.6075825095176697
114,24536-1783338503310490800,24536,1076896,23,213,3,OP3,OPPONENT_POOL,train,map_b_split_lane,0,0,SCRIPTED:OP11,10,1,3,2,1,177,0.6399999856948853,0,1,7,49,5,10,3,11,3,3,0,3,1,4,0,2,0,3,3,3,56.0,7.269379524187853,1.149999976158142,0.5659804344177246,-0.014164447784423828,0.014999999664723873,1.0,100.0,0.0,0.5908997058868408
115,24536-1783338503310490800,24536,1077056,23,218,0,OP3,OPPONENT_POOL,train,map_b_split_lane_v2,1,0,SCRIPTED:OP10,9,1,3,0,3,85,0.35999998450279236,0,13,1,36,0,8,0,9,0,2,0,3,0,3,0,2,0,0,0,5,32.0,5.570050048828125,1.4500000476837158,0.7187398672103882,0.005301967263221741,0.04999999701976776,1.0,100.0,0.0,0.661592960357666
116,24536-1783338503310490800,24536,1077056,23,218,2,OP3,OPPONENT_POOL,train,map_b_split_lane,0,1,SCRIPTED:OP9,8,1,2,0,2,240,0.7199999690055847,0,3,7,118,10,14,8,6,4,7,0,2,2,1,4,0,0,0,2,3,188.0,6.548512776692708,1.2999999523162842,0.0,0.018382668495178223,0.0,0.0,0.0,-0.20000000298023224,0.2693370282649994
117,24536-1783338503310490800,24536,1077248,23,224,2,OP3,OPPONENT_POOL,train,map_b_split_lane,0,1,SCRIPTED:OP11,10,1,2,1,1,240,0.7599999904632568,1,0,7,91,8,12,9,13,4,3,1,2,1,4,0,3,2,1,7,5,54.0,6.937888590494792,1.149999976158142,0.4618721306324005,0.020034953951835632,0.06999999284744263,1.0,100.0,0.0,0.5774277448654175
118,24536-1783338503310490800,24536,1077440,23,230,1,OP3,OPPONENT_POOL,train,map_b_split_lane_v2,1,1,SCRIPTED:OP12,11,0,2,3,-1,93,0.47999998927116394,0,1,0,23,5,5,6,5,2,1,1,1,1,2,2,0,0,3,3,2,28.0,6.02565182921707,-1.149999976158142,-0.4767276346683502,0.014002874493598938,0.0,-1.0,-100.0,0.0,-0.5755660533905029
119,24536-1783338503310490800,24536,1077824,23,242,1,OP3,OPPONENT_POOL,train,map_b_split_lane_v2,1,0,SCRIPTED:OP8,7,1,3,2,1,182,0.5999999642372131,0,1,7,31,2,12,5,15,2,2,0,3,0,7,1,2,3,1,0,9,68.0,7.127841152987638,1.149999976158142,0.540561854839325,-0.010670065879821777,0.04999999701976776,1.0,100.0,-0.4000000059604645,0.5190938115119934
120,24536-1783338503310490800,24536,1077856,23,243,1,OP3,OPPONENT_POOL,train,map_b_split_lane,0,0,SCRIPTED:OP11,10,1,3,1,2,167,0.6800000071525574,1,0,11,40,1,11,8,15,1,4,0,3,0,3,3,1,1,2,3,8,55.0,7.469153489895209,1.2999999523162842,0.5940820574760437,-0.00027319788932800293,0.014999999664723873,1.0,100.0,-0.20000000298023224,0.587893545627594
121,24536-1783338503310490800,24536,1077888,23,244,1,OP3,OPPONENT_POOL,train,map_b_split_lane_v2,1,1,SCRIPTED:OP10,9,1,3,0,3,131,0.5999999642372131,0,9,5,51,4,8,4,10,2,2,1,2,1,2,1,2,0,0,1,7,34.0,5.777715086026956,1.4500000476837158,0.635256290435791,0.006415873765945435,0.04999999701976776,1.0,100.0,0.0,0.6497350931167603
122,24536-1783338503310490800,24536,1077984,23,247,3,OP3,OPPONENT_POOL,train,map_b_split_lane,0,0,SCRIPTED:OP11,10,1,2,1,1,240,0.7199999690055847,0,3,20,90,5,21,9,12,2,7,0,3,1,6,2,1,1,2,5,7,46.0,6.8311004638671875,1.149999976158142,-0.017929714173078537,-0.02096991240978241,0.04999999701976776,0.0,0.0,0.0,0.27737119793891907
